6.83428E+9
4.61310E+8
-3.85881E-1
0.00000E+0
0.00000E+0
0.00000E+0
5.00000E-7
-1.18310E-2
-8.28805E-3
-8.61013E-3
-8.61013E-3
-8.28805E-3
-9.25430E-3
-8.61013E-3
-8.61013E-3
-9.25430E-3
-8.61013E-3
-8.61013E-3
-8.61013E-3
-8.61013E-3
-8.61013E-3
-9.57638E-3
-8.61013E-3
-8.61013E-3
-9.25430E-3
-8.28805E-3
-8.93222E-3
-9.57638E-3
-9.25430E-3
-9.89847E-3
-9.25430E-3
-9.25430E-3
-8.93222E-3
-9.25430E-3
-9.25430E-3
-9.25430E-3
-8.61013E-3
-8.93222E-3
-8.28805E-3
-6.03347E-3
-5.06722E-3
-1.11868E-2
-2.69689E-2
-4.33951E-2
-5.33797E-2
-5.82110E-2
-6.01434E-2
-6.30422E-2
-6.59409E-2
-6.75514E-2
-6.98059E-2
-7.07722E-2
-7.17384E-2
-7.23826E-2
-7.27047E-2
-7.30268E-2
-7.36709E-2
-7.33489E-2
-7.39930E-2
-7.46372E-2
-7.46372E-2
-7.46372E-2
-7.52814E-2
-7.49593E-2
-7.46372E-2
-7.56034E-2
-7.59255E-2
-7.52814E-2
-7.52814E-2
-7.52814E-2
-7.59255E-2
-7.62476E-2
-7.56034E-2
-7.52814E-2
-7.52814E-2
-7.52814E-2
-7.56034E-2
-7.56034E-2
-7.56034E-2
-7.52814E-2
-7.52814E-2
-7.46372E-2
-7.52814E-2
-7.49593E-2
-7.43151E-2
-7.46372E-2
-7.43151E-2
-7.49593E-2
-7.43151E-2
-7.36709E-2
-7.43151E-2
-7.39930E-2
-7.39930E-2
-7.43151E-2
-7.39930E-2
-7.33489E-2
-7.36709E-2
-7.33489E-2
-7.43151E-2
-7.36709E-2
-7.30268E-2
-7.33489E-2
-7.33489E-2
-7.30268E-2
-7.33489E-2
-7.33489E-2
-7.36709E-2
-7.36709E-2
-7.30268E-2
-7.27047E-2
-7.27047E-2
-7.30268E-2
-7.30268E-2
-7.27047E-2
-7.23826E-2
-7.17384E-2
-7.20605E-2
-7.27047E-2
-7.23826E-2
-7.23826E-2
-7.20605E-2
-7.17384E-2
-7.23826E-2
-7.17384E-2
-7.20605E-2
-7.17384E-2
-7.10943E-2
-7.10943E-2
-7.01280E-2
-7.07722E-2
-7.20605E-2
-7.10943E-2
-7.04501E-2
-7.04501E-2
-7.01280E-2
-7.07722E-2
-7.07722E-2
-6.52968E-2
-7.14164E-2
-7.01280E-2
-6.40084E-2
-5.01589E-2
-3.59872E-2
-2.60026E-2
-2.02051E-2
-1.82726E-2
-1.73064E-2
-1.66622E-2
-1.37635E-2
-1.24751E-2
-1.05426E-2
-9.57638E-3
-9.57638E-3
-9.25430E-3
-9.25430E-3
-8.93222E-3
-8.28805E-3
-9.25430E-3
-7.96597E-3
-9.25430E-3
-8.93222E-3
-8.28805E-3
-7.64388E-3
-7.64388E-3
-8.28805E-3
-8.28805E-3
-7.96597E-3
-9.25430E-3
-8.61013E-3
-8.61013E-3
-7.96597E-3
-7.96597E-3
-7.64388E-3
-8.28805E-3
-7.96597E-3
-8.28805E-3
-7.64388E-3
-8.28805E-3
-6.99972E-3
-7.32180E-3
-2.76130E-2
-9.39622E-2
-1.65465E-1
-2.22151E-1
-2.63378E-1
-2.93976E-1
-3.18132E-1
-3.36491E-1
-3.50985E-1
-3.62902E-1
-3.71276E-1
-3.78040E-1
-3.85125E-1
-3.89957E-1
-3.92533E-1
-3.95110E-1
-3.96076E-1
-3.97687E-1
-3.98653E-1
-3.98653E-1
-3.98653E-1
-3.99297E-1
-3.99619E-1
-3.99619E-1
-4.01552E-1
-4.03484E-1
-4.03806E-1
-4.05095E-1
-4.03806E-1
-4.03484E-1
-4.04450E-1
-4.04773E-1
-4.05095E-1
-4.04773E-1
-4.04128E-1
-4.04128E-1
-4.05417E-1
-4.06705E-1
-4.07993E-1
-4.07349E-1
-4.07027E-1
-4.07671E-1
-4.06383E-1
-4.05739E-1
-4.04450E-1
-4.04128E-1
-4.04128E-1
-4.04128E-1
-4.03806E-1
-4.02840E-1
-4.02840E-1
-4.03484E-1
-4.04450E-1
-4.03484E-1
-4.02196E-1
-4.01230E-1
-4.02518E-1
-4.04450E-1
-4.06061E-1
-4.06705E-1
-4.06061E-1
-4.04450E-1
-4.05417E-1
-4.05739E-1
-4.05739E-1
-4.04773E-1
-4.03484E-1
-4.04128E-1
-4.03484E-1
-4.03806E-1
-4.04773E-1
-4.06061E-1
-4.05417E-1
-4.05095E-1
-4.04450E-1
-4.05095E-1
-4.04773E-1
-4.04773E-1
-4.03806E-1
-4.04128E-1
-4.03162E-1
-4.03806E-1
-4.04128E-1
-4.02840E-1
-4.02840E-1
-4.01552E-1
-4.02518E-1
-4.02196E-1
-4.02518E-1
-4.02518E-1
-4.03162E-1
-4.02840E-1
-4.02518E-1
-4.03806E-1
-4.04450E-1
-4.04773E-1
-4.05095E-1
-4.05739E-1
-4.07993E-1
-4.02518E-1
-3.44221E-1
-2.64988E-1
-1.91553E-1
-1.34867E-1
-9.91155E-2
-7.97905E-2
-6.75514E-2
-5.75668E-2
-4.75822E-2
-3.85639E-2
-3.24443E-2
-2.76130E-2
-2.34260E-2
-2.21376E-2
-1.92389E-2
-1.69843E-2
-1.50518E-2
-1.47297E-2
-1.44076E-2
-1.31193E-2
-1.27972E-2
-1.21530E-2
-1.18310E-2
-1.21530E-2
-1.18310E-2
-1.15089E-2
-1.08647E-2
-1.18310E-2
-1.05426E-2
-1.15089E-2
-1.08647E-2
-1.05426E-2
-1.15089E-2
-1.05426E-2
-1.15089E-2
-1.08647E-2
-1.02205E-2
-9.89847E-3
-1.02205E-2
-9.89847E-3
-1.05426E-2
-1.02205E-2
-1.02205E-2
-1.08647E-2
-1.11868E-2
-1.02205E-2
-1.05426E-2
-1.05426E-2
-9.89847E-3
-1.08647E-2
-1.02205E-2
-1.08647E-2
-1.02205E-2
-9.89847E-3
-9.57638E-3
-9.89847E-3
-1.02205E-2
-1.05426E-2
-1.05426E-2
-9.89847E-3
-9.89847E-3
-9.89847E-3
-9.89847E-3
-8.61013E-3
-9.57638E-3
-9.57638E-3
-9.25430E-3
-9.89847E-3
-9.89847E-3
-8.93222E-3
-9.25430E-3
-9.89847E-3
-9.25430E-3
-9.25430E-3
-9.89847E-3
-9.89847E-3
-9.57638E-3
-9.25430E-3
-9.25430E-3
-9.57638E-3
-9.89847E-3
-9.25430E-3
-9.89847E-3
-9.25430E-3
-9.25430E-3
-9.25430E-3
-9.25430E-3
-9.89847E-3
-9.57638E-3
-9.25430E-3
-8.93222E-3
-9.57638E-3
-8.93222E-3
-8.28805E-3
-8.93222E-3
-8.93222E-3
-8.93222E-3
-9.57638E-3
-9.25430E-3
-9.25430E-3
-9.57638E-3
-9.57638E-3
-9.57638E-3
-9.25430E-3
-8.93222E-3
-8.93222E-3
-9.57638E-3
-8.28805E-3
-8.93222E-3
-9.25430E-3
-9.25430E-3
-9.25430E-3
-9.25430E-3
-8.93222E-3
-8.61013E-3
-9.25430E-3
-8.61013E-3
-9.25430E-3
-8.61013E-3
-8.93222E-3
-8.61013E-3
-8.61013E-3
-7.64388E-3
-8.61013E-3
-8.28805E-3
-7.96597E-3
-7.96597E-3
-7.64388E-3
-7.96597E-3
-7.64388E-3
-8.61013E-3
-6.99972E-3
-7.64388E-3
-7.96597E-3
-8.61013E-3
-8.28805E-3
-8.93222E-3
-8.61013E-3
-8.93222E-3
-8.93222E-3
-8.28805E-3
-7.96597E-3
-7.96597E-3
-7.32180E-3
-7.96597E-3
-7.96597E-3
-8.61013E-3
-8.61013E-3
-8.93222E-3
-8.93222E-3
-8.93222E-3
-8.28805E-3
-8.61013E-3
-7.96597E-3
-8.28805E-3
-7.96597E-3
-8.61013E-3
-7.96597E-3
-8.28805E-3
-8.28805E-3
-8.61013E-3
-8.93222E-3
-8.61013E-3
-9.25430E-3
-9.25430E-3
-9.25430E-3
-9.25430E-3
-8.61013E-3
-8.61013E-3
-8.61013E-3
-8.61013E-3
-9.25430E-3
-9.25430E-3
-8.93222E-3
-8.28805E-3
-8.93222E-3
-8.93222E-3
-8.28805E-3
-8.28805E-3
-8.61013E-3
-8.93222E-3
-7.96597E-3
-8.61013E-3
-7.64388E-3
-8.61013E-3
-8.28805E-3
-8.61013E-3
-8.61013E-3
-7.96597E-3
-7.96597E-3
-8.61013E-3
-7.96597E-3
-7.96597E-3
-7.64388E-3
-8.28805E-3
-7.64388E-3
-8.61013E-3
-8.61013E-3
-8.28805E-3
-7.96597E-3
-7.64388E-3
-8.28805E-3
-7.64388E-3
-7.96597E-3
-8.28805E-3
-7.96597E-3
-8.61013E-3
-8.28805E-3
-8.61013E-3
-8.61013E-3
-7.96597E-3
-7.96597E-3
-8.28805E-3
-8.28805E-3
-8.61013E-3
-8.93222E-3
-8.28805E-3
-8.93222E-3
-8.28805E-3
-8.93222E-3
-8.28805E-3
-8.61013E-3
-8.61013E-3
-8.28805E-3
-8.93222E-3
-8.93222E-3
-8.28805E-3
-9.25430E-3
-8.93222E-3
-8.61013E-3
-8.28805E-3
-8.28805E-3
-7.96597E-3
-8.61013E-3
-8.61013E-3
-9.25430E-3
-8.61013E-3
-9.25430E-3
-8.61013E-3
-8.61013E-3
-8.61013E-3
-8.28805E-3
-8.28805E-3
-8.28805E-3
-8.28805E-3
-8.28805E-3
-8.28805E-3
-7.64388E-3
-8.28805E-3
-8.28805E-3
-8.28805E-3
-8.93222E-3
-7.96597E-3
-7.96597E-3
-7.64388E-3
-7.96597E-3
-7.96597E-3
-7.32180E-3
-7.64388E-3
-7.96597E-3
-8.61013E-3
-8.61013E-3
-8.61013E-3
-9.25430E-3
-8.28805E-3
-9.25430E-3
-8.61013E-3
-8.61013E-3
-7.64388E-3
-8.61013E-3
-7.64388E-3
-7.96597E-3
-7.96597E-3
-8.28805E-3
-7.96597E-3
-7.96597E-3
-8.61013E-3
-8.61013E-3
-7.96597E-3
-8.61013E-3
-8.28805E-3
-7.96597E-3
-8.61013E-3
-8.61013E-3
-7.96597E-3
-8.93222E-3
-7.96597E-3
-8.61013E-3
-8.93222E-3
-8.61013E-3
-8.28805E-3
-8.28805E-3
-8.93222E-3
-8.28805E-3
-8.28805E-3
-8.28805E-3
-7.96597E-3
-8.28805E-3
-8.61013E-3
-8.28805E-3
-7.64388E-3
-8.61013E-3
-7.96597E-3
-8.61013E-3
-8.93222E-3
-8.61013E-3
-7.96597E-3
-8.28805E-3
-8.28805E-3
-7.96597E-3
-8.61013E-3
-7.64388E-3
-7.96597E-3
-7.64388E-3
-8.28805E-3
-8.28805E-3
-7.96597E-3
-8.28805E-3
-8.93222E-3
-7.96597E-3
-7.96597E-3
-8.28805E-3
-8.93222E-3
-7.96597E-3
-7.96597E-3
-7.96597E-3
-7.32180E-3
-7.64388E-3
-7.96597E-3
-7.96597E-3
-7.96597E-3
-7.96597E-3
-8.28805E-3
-7.64388E-3
-8.28805E-3
-8.61013E-3
-8.28805E-3
