6.83442E+9
4.61450E+8
-3.82772E-1
0.00000E+0
0.00000E+0
0.00000E+0
5.00000E-7
-1.24751E-2
-9.25430E-3
-8.93222E-3
-8.93222E-3
-9.25430E-3
-1.02205E-2
-8.28805E-3
-8.93222E-3
-9.25430E-3
-7.96597E-3
-7.96597E-3
-8.61013E-3
-7.96597E-3
-9.25430E-3
-7.96597E-3
-7.96597E-3
-8.28805E-3
-7.96597E-3
-8.61013E-3
-8.28805E-3
-8.93222E-3
-7.96597E-3
-7.96597E-3
-8.28805E-3
-8.28805E-3
-8.28805E-3
-7.64388E-3
-8.28805E-3
-7.96597E-3
-7.64388E-3
-8.28805E-3
-7.96597E-3
-5.38930E-3
-4.42305E-3
-9.25430E-3
-2.21376E-2
-3.56651E-2
-4.46835E-2
-4.91926E-2
-5.08030E-2
-5.30576E-2
-5.49901E-2
-5.66005E-2
-5.82110E-2
-5.98214E-2
-6.01434E-2
-6.11097E-2
-6.17539E-2
-6.23980E-2
-6.27201E-2
-6.23980E-2
-6.27201E-2
-6.30422E-2
-6.36864E-2
-6.33643E-2
-6.40084E-2
-6.30422E-2
-6.36864E-2
-6.36864E-2
-6.33643E-2
-6.33643E-2
-6.33643E-2
-6.40084E-2
-6.36864E-2
-6.43305E-2
-6.43305E-2
-6.43305E-2
-6.49747E-2
-6.40084E-2
-6.36864E-2
-6.33643E-2
-6.33643E-2
-6.33643E-2
-6.33643E-2
-6.30422E-2
-6.36864E-2
-6.27201E-2
-6.36864E-2
-6.33643E-2
-6.30422E-2
-6.36864E-2
-6.27201E-2
-6.30422E-2
-6.27201E-2
-6.17539E-2
-6.27201E-2
-6.23980E-2
-6.17539E-2
-6.23980E-2
-6.23980E-2
-6.30422E-2
-6.27201E-2
-6.20759E-2
-6.17539E-2
-6.20759E-2
-6.17539E-2
-6.23980E-2
-6.33643E-2
-6.20759E-2
-6.27201E-2
-6.17539E-2
-6.17539E-2
-6.17539E-2
-6.14318E-2
-6.17539E-2
-6.20759E-2
-6.14318E-2
-6.14318E-2
-6.07876E-2
-6.11097E-2
-6.14318E-2
-6.17539E-2
-6.14318E-2
-6.17539E-2
-6.14318E-2
-6.07876E-2
-6.07876E-2
-6.01434E-2
-6.11097E-2
-6.01434E-2
-6.07876E-2
-6.04655E-2
-6.04655E-2
-6.11097E-2
-6.07876E-2
-6.07876E-2
-6.17539E-2
-6.07876E-2
-6.07876E-2
-6.07876E-2
-5.53122E-2
-6.01434E-2
-6.01434E-2
-5.40239E-2
-4.30730E-2
-3.08339E-2
-2.21376E-2
-1.79505E-2
-1.60180E-2
-1.60180E-2
-1.50518E-2
-1.24751E-2
-1.15089E-2
-9.57638E-3
-9.25430E-3
-9.89847E-3
-8.93222E-3
-8.93222E-3
-8.61013E-3
-7.96597E-3
-7.64388E-3
-8.28805E-3
-7.96597E-3
-8.61013E-3
-7.96597E-3
-8.28805E-3
-7.96597E-3
-7.64388E-3
-8.28805E-3
-7.32180E-3
-8.28805E-3
-7.96597E-3
-7.96597E-3
-7.64388E-3
-7.64388E-3
-7.64388E-3
-7.32180E-3
-7.64388E-3
-7.32180E-3
-6.99972E-3
-6.99972E-3
-7.32180E-3
-7.64388E-3
-2.72910E-2
-9.20297E-2
-1.62566E-1
-2.19253E-1
-2.59835E-1
-2.90755E-1
-3.13945E-1
-3.33592E-1
-3.48086E-1
-3.59037E-1
-3.67411E-1
-3.74497E-1
-3.78684E-1
-3.83515E-1
-3.88346E-1
-3.92211E-1
-3.94788E-1
-3.96720E-1
-3.97365E-1
-3.96398E-1
-3.95754E-1
-3.94788E-1
-3.95110E-1
-3.96398E-1
-3.96398E-1
-3.96720E-1
-3.98331E-1
-4.00908E-1
-4.02196E-1
-4.02840E-1
-4.03484E-1
-4.02840E-1
-4.02518E-1
-4.03484E-1
-4.02518E-1
-4.01552E-1
-4.01874E-1
-4.01230E-1
-4.01552E-1
-4.01552E-1
-4.02196E-1
-4.02840E-1
-4.01552E-1
-3.99619E-1
-3.98009E-1
-3.98975E-1
-4.01230E-1
-4.02196E-1
-4.02840E-1
-4.03162E-1
-4.03484E-1
-4.03806E-1
-4.03806E-1
-4.04128E-1
-4.02840E-1
-4.02840E-1
-4.01552E-1
-4.01230E-1
-4.01230E-1
-4.02196E-1
-4.03162E-1
-4.02196E-1
-4.01230E-1
-4.00263E-1
-4.00263E-1
-3.99297E-1
-4.00263E-1
-4.01230E-1
-3.99941E-1
-4.01230E-1
-4.01552E-1
-4.01874E-1
-4.01874E-1
-4.02518E-1
-4.02840E-1
-4.01552E-1
-4.01230E-1
-4.01552E-1
-4.00585E-1
-4.00263E-1
-3.99941E-1
-3.99619E-1
-3.98975E-1
-3.98653E-1
-3.98653E-1
-3.98653E-1
-3.98653E-1
-4.00908E-1
-4.00908E-1
-4.01230E-1
-4.01230E-1
-4.01874E-1
-4.02518E-1
-4.03806E-1
-4.04450E-1
-4.04450E-1
-4.02518E-1
-4.03806E-1
-4.05417E-1
-3.98653E-1
-3.40356E-1
-2.61445E-1
-1.89621E-1
-1.33578E-1
-9.81493E-2
-7.91464E-2
-6.72293E-2
-5.69226E-2
-4.72601E-2
-3.88860E-2
-3.14780E-2
-2.63247E-2
-2.40701E-2
-2.05272E-2
-1.92389E-2
-1.73064E-2
-1.56960E-2
-1.56960E-2
-1.40855E-2
-1.37635E-2
-1.34414E-2
-1.21530E-2
-1.27972E-2
-1.27972E-2
-1.24751E-2
-1.18310E-2
-1.27972E-2
-1.18310E-2
-1.08647E-2
-1.18310E-2
-1.11868E-2
-1.11868E-2
-1.15089E-2
-1.18310E-2
-1.11868E-2
-1.11868E-2
-1.15089E-2
-1.15089E-2
-1.18310E-2
-1.15089E-2
-1.05426E-2
-1.11868E-2
-1.11868E-2
-1.21530E-2
-1.15089E-2
-1.11868E-2
-9.89847E-3
-1.08647E-2
-1.05426E-2
-9.57638E-3
-9.89847E-3
-1.02205E-2
-1.08647E-2
-1.08647E-2
-1.08647E-2
-1.15089E-2
-1.08647E-2
-1.08647E-2
-1.05426E-2
-1.05426E-2
-1.08647E-2
-1.05426E-2
-1.05426E-2
-1.05426E-2
-9.57638E-3
-9.25430E-3
-1.02205E-2
-9.57638E-3
-9.25430E-3
-9.25430E-3
-9.25430E-3
-1.02205E-2
-9.89847E-3
-9.89847E-3
-9.89847E-3
-9.89847E-3
-9.25430E-3
-1.02205E-2
-8.61013E-3
-9.25430E-3
-9.25430E-3
-9.25430E-3
-9.25430E-3
-9.89847E-3
-9.57638E-3
-9.89847E-3
-8.93222E-3
-9.57638E-3
-9.89847E-3
-8.93222E-3
-9.25430E-3
-8.61013E-3
-8.61013E-3
-8.93222E-3
-8.61013E-3
-8.61013E-3
-8.61013E-3
-8.61013E-3
-8.61013E-3
-8.28805E-3
-8.28805E-3
-8.61013E-3
-7.64388E-3
-8.61013E-3
-8.28805E-3
-8.93222E-3
-8.61013E-3
-9.25430E-3
-8.61013E-3
-8.93222E-3
-8.93222E-3
-8.61013E-3
-8.93222E-3
-9.25430E-3
-7.96597E-3
-8.93222E-3
-8.28805E-3
-8.28805E-3
-8.61013E-3
-8.28805E-3
-8.61013E-3
-8.28805E-3
-8.93222E-3
-8.93222E-3
-8.28805E-3
-9.25430E-3
-7.96597E-3
-8.93222E-3
-8.61013E-3
-8.28805E-3
-7.96597E-3
-7.64388E-3
-8.28805E-3
-7.96597E-3
-8.61013E-3
-8.28805E-3
-7.96597E-3
-7.96597E-3
-8.28805E-3
-7.64388E-3
-7.96597E-3
-7.64388E-3
-7.96597E-3
-8.61013E-3
-8.28805E-3
-7.96597E-3
-8.28805E-3
-7.64388E-3
-7.64388E-3
-7.96597E-3
-7.64388E-3
-8.28805E-3
-7.96597E-3
-7.96597E-3
-7.96597E-3
-7.64388E-3
-8.28805E-3
-7.96597E-3
-8.28805E-3
-8.28805E-3
-9.57638E-3
-8.28805E-3
-8.28805E-3
-8.61013E-3
-8.28805E-3
-7.64388E-3
-8.28805E-3
-7.96597E-3
-7.96597E-3
-8.28805E-3
-8.28805E-3
-7.64388E-3
-7.96597E-3
-7.64388E-3
-8.61013E-3
-8.28805E-3
-8.28805E-3
-8.61013E-3
-7.96597E-3
-8.28805E-3
-7.64388E-3
-8.28805E-3
-7.64388E-3
-7.96597E-3
-8.61013E-3
-8.28805E-3
-7.64388E-3
-7.96597E-3
-8.61013E-3
-8.28805E-3
-7.64388E-3
-7.64388E-3
-7.96597E-3
-7.96597E-3
-7.96597E-3
-7.96597E-3
-7.96597E-3
-8.61013E-3
-7.96597E-3
-7.64388E-3
-7.64388E-3
-7.96597E-3
-8.28805E-3
-7.64388E-3
-7.96597E-3
-7.96597E-3
-7.96597E-3
-7.96597E-3
-7.64388E-3
-8.28805E-3
-8.28805E-3
-7.96597E-3
-8.28805E-3
-7.96597E-3
-8.28805E-3
-8.28805E-3
-8.61013E-3
-7.64388E-3
-7.64388E-3
-7.64388E-3
-7.96597E-3
-7.64388E-3
-8.28805E-3
-7.96597E-3
-8.28805E-3
-8.61013E-3
-8.28805E-3
-8.28805E-3
-8.61013E-3
-8.61013E-3
-8.61013E-3
-7.96597E-3
-8.61013E-3
-7.96597E-3
-8.61013E-3
-8.28805E-3
-8.61013E-3
-8.28805E-3
-7.96597E-3
-8.28805E-3
-8.61013E-3
-8.28805E-3
-8.61013E-3
-8.61013E-3
-7.64388E-3
-7.64388E-3
-7.96597E-3
-7.96597E-3
-7.96597E-3
-8.28805E-3
-7.96597E-3
-7.96597E-3
-7.96597E-3
-7.64388E-3
-8.28805E-3
-8.61013E-3
-7.96597E-3
-8.61013E-3
-8.28805E-3
-7.96597E-3
-7.96597E-3
-6.99972E-3
-8.28805E-3
-8.28805E-3
-8.93222E-3
-8.93222E-3
-8.28805E-3
-7.96597E-3
-7.64388E-3
-8.28805E-3
-8.28805E-3
-8.28805E-3
-7.64388E-3
-8.28805E-3
-7.64388E-3
-8.28805E-3
-8.28805E-3
-8.28805E-3
-7.64388E-3
-7.32180E-3
-8.28805E-3
-7.64388E-3
-7.64388E-3
-7.96597E-3
-7.96597E-3
-8.28805E-3
-8.28805E-3
-7.32180E-3
-7.64388E-3
-7.96597E-3
-7.64388E-3
-7.96597E-3
-7.96597E-3
-7.64388E-3
-7.96597E-3
-7.64388E-3
-8.28805E-3
-7.64388E-3
-7.32180E-3
-7.32180E-3
-7.32180E-3
-7.64388E-3
-7.32180E-3
-7.96597E-3
-7.96597E-3
-8.28805E-3
-7.32180E-3
-8.28805E-3
-7.32180E-3
-8.61013E-3
-8.93222E-3
-7.64388E-3
-7.96597E-3
-7.96597E-3
-7.64388E-3
-7.32180E-3
-7.96597E-3
-8.28805E-3
-7.96597E-3
-7.32180E-3
-8.28805E-3
-7.96597E-3
-6.99972E-3
-7.96597E-3
-7.32180E-3
-7.64388E-3
-7.96597E-3
-8.28805E-3
-8.28805E-3
-7.96597E-3
-7.96597E-3
-8.61013E-3
-8.28805E-3
-8.28805E-3
-8.61013E-3
-7.96597E-3
-8.93222E-3
