6.83518E+9
4.62210E+8
-3.80999E-1
0.00000E+0
0.00000E+0
0.00000E+0
5.00000E-7
-1.21530E-2
-8.93222E-3
-8.28805E-3
-8.28805E-3
-7.96597E-3
-8.93222E-3
-8.28805E-3
-8.61013E-3
-8.28805E-3
-8.28805E-3
-8.61013E-3
-7.96597E-3
-7.96597E-3
-7.64388E-3
-7.96597E-3
-8.28805E-3
-7.96597E-3
-8.28805E-3
-8.28805E-3
-7.96597E-3
-8.61013E-3
-7.96597E-3
-8.28805E-3
-7.64388E-3
-7.96597E-3
-7.32180E-3
-8.61013E-3
-8.28805E-3
-7.96597E-3
-8.61013E-3
-9.25430E-3
-7.96597E-3
-5.38930E-3
-4.74513E-3
-8.61013E-3
-1.85947E-2
-2.82572E-2
-3.53430E-2
-3.95301E-2
-4.17847E-2
-4.21068E-2
-4.37172E-2
-4.53276E-2
-4.59718E-2
-4.75822E-2
-4.79043E-2
-4.85485E-2
-5.08030E-2
-5.43460E-2
-5.04810E-2
-4.91926E-2
-4.82264E-2
-4.85485E-2
-5.01589E-2
-5.11251E-2
-5.08030E-2
-4.95147E-2
-4.98368E-2
-5.08030E-2
-5.17693E-2
-5.08030E-2
-5.11251E-2
-5.08030E-2
-5.20914E-2
-5.24135E-2
-5.11251E-2
-5.17693E-2
-5.17693E-2
-5.17693E-2
-5.11251E-2
-5.17693E-2
-5.11251E-2
-5.11251E-2
-5.08030E-2
-5.11251E-2
-5.08030E-2
-5.14472E-2
-5.17693E-2
-5.17693E-2
-5.08030E-2
-5.14472E-2
-5.08030E-2
-4.98368E-2
-5.04810E-2
-5.08030E-2
-5.11251E-2
-5.01589E-2
-4.95147E-2
-4.98368E-2
-5.01589E-2
-5.08030E-2
-5.04810E-2
-5.01589E-2
-4.98368E-2
-5.04810E-2
-5.01589E-2
-4.98368E-2
-4.72601E-2
-4.59718E-2
-5.04810E-2
-5.11251E-2
-5.11251E-2
-5.11251E-2
-4.95147E-2
-5.01589E-2
-5.04810E-2
-5.01589E-2
-5.01589E-2
-4.98368E-2
-5.04810E-2
-4.98368E-2
-4.95147E-2
-5.04810E-2
-5.04810E-2
-4.95147E-2
-5.01589E-2
-4.98368E-2
-4.95147E-2
-4.98368E-2
-5.01589E-2
-4.98368E-2
-4.95147E-2
-5.01589E-2
-4.98368E-2
-4.88705E-2
-4.88705E-2
-4.91926E-2
-4.88705E-2
-4.98368E-2
-4.95147E-2
-4.46835E-2
-4.98368E-2
-4.88705E-2
-4.50055E-2
-3.53430E-2
-2.60026E-2
-1.92389E-2
-1.53739E-2
-1.40855E-2
-1.34414E-2
-1.24751E-2
-1.11868E-2
-1.02205E-2
-9.25430E-3
-8.61013E-3
-8.93222E-3
-8.28805E-3
-8.93222E-3
-1.24751E-2
-9.25430E-3
-6.67763E-3
-5.38930E-3
-5.06722E-3
-6.99972E-3
-6.99972E-3
-6.35555E-3
-6.03347E-3
-6.99972E-3
-6.35555E-3
-6.99972E-3
-6.99972E-3
-6.99972E-3
-6.35555E-3
-6.35555E-3
-6.03347E-3
-6.35555E-3
-6.99972E-3
-6.67763E-3
-6.99972E-3
-6.35555E-3
-6.67763E-3
-5.71138E-3
-6.67763E-3
-2.43922E-2
-8.65543E-2
-1.57413E-1
-2.14099E-1
-2.56292E-1
-2.87856E-1
-3.12979E-1
-3.32948E-1
-3.47764E-1
-3.60647E-1
-3.68055E-1
-3.73208E-1
-3.75141E-1
-3.79328E-1
-3.85125E-1
-3.91567E-1
-3.95432E-1
-3.98331E-1
-3.97687E-1
-3.97687E-1
-3.97365E-1
-3.99297E-1
-3.99941E-1
-3.97687E-1
-3.91889E-1
-3.95110E-1
-3.97365E-1
-3.98975E-1
-4.00263E-1
-3.99619E-1
-4.00263E-1
-3.99941E-1
-4.00263E-1
-4.00908E-1
-3.99619E-1
-4.00585E-1
-4.00263E-1
-4.00263E-1
-3.99941E-1
-3.99941E-1
-3.99941E-1
-3.99941E-1
-3.99297E-1
-3.98975E-1
-3.98975E-1
-3.98009E-1
-3.98009E-1
-3.98975E-1
-3.97365E-1
-3.97365E-1
-3.98009E-1
-3.99619E-1
-4.00585E-1
-4.00585E-1
-3.99297E-1
-3.98331E-1
-3.98009E-1
-3.97687E-1
-3.97687E-1
-3.97365E-1
-3.97365E-1
-3.98009E-1
-3.98331E-1
-3.97365E-1
-3.98009E-1
-3.97687E-1
-3.97687E-1
-3.98653E-1
-3.97687E-1
-3.98009E-1
-3.98331E-1
-3.98975E-1
-3.98331E-1
-3.98975E-1
-4.04128E-1
-4.01552E-1
-4.02518E-1
-4.01874E-1
-3.99941E-1
-3.98975E-1
-3.98975E-1
-4.00263E-1
-4.00263E-1
-3.98653E-1
-3.98331E-1
-3.97687E-1
-3.98975E-1
-4.00263E-1
-3.99297E-1
-4.00908E-1
-3.99619E-1
-3.98975E-1
-3.96398E-1
-3.95754E-1
-3.97043E-1
-3.98975E-1
-4.00263E-1
-3.99297E-1
-4.00585E-1
-3.96076E-1
-3.38423E-1
-2.60479E-1
-1.88010E-1
-1.32934E-1
-9.68609E-2
-7.72139E-2
-6.56189E-2
-5.53122E-2
-4.59718E-2
-3.79197E-2
-3.08339E-2
-2.56805E-2
-2.27818E-2
-2.02051E-2
-1.89168E-2
-1.69843E-2
-1.53739E-2
-1.37635E-2
-1.31193E-2
-1.18310E-2
-1.21530E-2
-1.11868E-2
-1.08647E-2
-1.08647E-2
-7.32180E-3
-7.64388E-3
-1.05426E-2
-1.18310E-2
-1.24751E-2
-1.15089E-2
-1.08647E-2
-9.89847E-3
-9.89847E-3
-1.05426E-2
-1.05426E-2
-9.89847E-3
-1.05426E-2
-1.05426E-2
-1.02205E-2
-9.25430E-3
-1.05426E-2
-1.15089E-2
-1.05426E-2
-9.89847E-3
-1.02205E-2
-9.57638E-3
-9.57638E-3
-9.25430E-3
-9.25430E-3
-9.25430E-3
-8.61013E-3
-9.57638E-3
-9.89847E-3
-9.25430E-3
-9.25430E-3
-9.89847E-3
-9.25430E-3
-9.25430E-3
-8.93222E-3
-9.57638E-3
-9.25430E-3
-9.25430E-3
-7.96597E-3
-8.61013E-3
-7.96597E-3
-8.61013E-3
-8.61013E-3
-8.61013E-3
-8.28805E-3
-8.61013E-3
-8.61013E-3
-8.93222E-3
-8.93222E-3
-8.28805E-3
-1.11868E-2
-1.27972E-2
-1.02205E-2
-7.64388E-3
-6.03347E-3
-6.35555E-3
-7.96597E-3
-9.25430E-3
-8.93222E-3
-7.96597E-3
-8.28805E-3
-8.93222E-3
-9.25430E-3
-8.28805E-3
-7.96597E-3
-7.64388E-3
-8.61013E-3
-8.93222E-3
-7.96597E-3
-7.96597E-3
-8.61013E-3
-7.96597E-3
-6.99972E-3
-7.96597E-3
-8.61013E-3
-7.64388E-3
-8.61013E-3
-7.32180E-3
-7.96597E-3
-8.28805E-3
-8.28805E-3
-7.96597E-3
-7.64388E-3
-7.32180E-3
-7.32180E-3
-7.96597E-3
-7.96597E-3
-8.28805E-3
-8.28805E-3
-8.28805E-3
-8.61013E-3
-8.28805E-3
-7.64388E-3
-8.28805E-3
-7.32180E-3
-7.32180E-3
-7.64388E-3
-7.96597E-3
-7.64388E-3
-7.96597E-3
-4.74513E-3
-3.45680E-3
-6.99972E-3
-9.57638E-3
-9.25430E-3
-8.61013E-3
-7.64388E-3
-6.99972E-3
-7.32180E-3
-7.96597E-3
-7.96597E-3
-8.28805E-3
-8.28805E-3
-7.96597E-3
-7.96597E-3
-7.32180E-3
-7.32180E-3
-7.96597E-3
-7.32180E-3
-7.64388E-3
-6.99972E-3
-6.99972E-3
-7.32180E-3
-6.67763E-3
-7.96597E-3
-7.64388E-3
-6.99972E-3
-7.96597E-3
-7.32180E-3
-7.64388E-3
-7.64388E-3
-6.99972E-3
-6.99972E-3
-6.99972E-3
-7.64388E-3
-7.32180E-3
-7.32180E-3
-7.32180E-3
-7.64388E-3
-7.32180E-3
-7.64388E-3
-8.28805E-3
-8.28805E-3
-8.28805E-3
-7.64388E-3
-6.99972E-3
-7.96597E-3
-7.64388E-3
-8.28805E-3
-7.32180E-3
-1.24751E-2
-1.18310E-2
-9.57638E-3
-6.35555E-3
-5.38930E-3
-5.71138E-3
-5.71138E-3
-7.32180E-3
-6.99972E-3
-6.67763E-3
-6.99972E-3
-7.64388E-3
-6.99972E-3
-6.99972E-3
-7.32180E-3
-6.99972E-3
-7.32180E-3
-7.96597E-3
-7.96597E-3
-6.99972E-3
-7.64388E-3
-8.28805E-3
-7.64388E-3
-7.32180E-3
-6.99972E-3
-6.99972E-3
-7.32180E-3
-7.32180E-3
-7.96597E-3
-7.64388E-3
-7.32180E-3
-7.96597E-3
-7.64388E-3
-7.64388E-3
-7.96597E-3
-7.64388E-3
-7.32180E-3
-7.64388E-3
-6.99972E-3
-7.32180E-3
-6.99972E-3
-8.28805E-3
-8.28805E-3
-7.32180E-3
-6.99972E-3
-6.99972E-3
-7.64388E-3
-6.67763E-3
-7.32180E-3
-6.67763E-3
-3.45680E-3
-2.16847E-3
-7.32180E-3
-8.28805E-3
-8.28805E-3
-8.61013E-3
-6.99972E-3
-6.67763E-3
-6.99972E-3
-7.64388E-3
-7.32180E-3
-7.32180E-3
-6.99972E-3
-7.32180E-3
-7.32180E-3
-6.99972E-3
-6.99972E-3
-7.64388E-3
-7.96597E-3
-7.64388E-3
-6.67763E-3
-6.67763E-3
-6.35555E-3
-6.99972E-3
-7.64388E-3
-6.99972E-3
-6.99972E-3
-6.99972E-3
-6.03347E-3
-6.35555E-3
-6.99972E-3
-6.67763E-3
-6.99972E-3
-6.99972E-3
-6.99972E-3
-6.99972E-3
-6.67763E-3
-7.32180E-3
-7.32180E-3
-7.64388E-3
-6.67763E-3
-7.32180E-3
-8.28805E-3
-7.96597E-3
-7.64388E-3
-7.64388E-3
-7.32180E-3
-6.99972E-3
-7.64388E-3
-7.64388E-3
-1.02205E-2
-1.18310E-2
-9.89847E-3
-6.99972E-3
-5.71138E-3
-6.35555E-3
-7.32180E-3
-8.61013E-3
-7.96597E-3
-7.96597E-3
-7.32180E-3
-7.64388E-3
-7.64388E-3
-7.96597E-3
-8.61013E-3
-8.28805E-3
-6.99972E-3
-8.28805E-3
-8.28805E-3
-7.32180E-3
-7.96597E-3
-7.64388E-3
-7.96597E-3
-7.96597E-3
-7.32180E-3
-7.96597E-3
-7.32180E-3
-6.67763E-3
-6.99972E-3
-6.67763E-3
-6.67763E-3
-6.35555E-3
-6.67763E-3
-7.32180E-3
-6.67763E-3
-6.35555E-3
-6.35555E-3
-6.99972E-3
-7.64388E-3
-6.99972E-3
-7.32180E-3
-6.99972E-3
-7.64388E-3
-7.32180E-3
-6.67763E-3
-6.99972E-3
-6.99972E-3
-6.67763E-3
-6.67763E-3
-6.99972E-3
-3.77888E-3
-1.84638E-3
-6.99972E-3
-8.93222E-3
-9.25430E-3
-8.28805E-3
-7.64388E-3
-7.96597E-3
-6.99972E-3
-7.64388E-3
-6.99972E-3
-7.32180E-3
-6.67763E-3
