6.83489E+9
4.61920E+8
-3.78203E-1
0.00000E+0
0.00000E+0
0.00000E+0
5.00000E-7
-1.11868E-2
-7.96597E-3
-7.64388E-3
-7.96597E-3
-8.61013E-3
-8.28805E-3
-7.96597E-3
-7.64388E-3
-8.28805E-3
-7.96597E-3
-8.28805E-3
-7.64388E-3
-8.28805E-3
-8.61013E-3
-8.28805E-3
-7.96597E-3
-8.28805E-3
-8.28805E-3
-7.64388E-3
-7.96597E-3
-8.28805E-3
-8.28805E-3
-8.93222E-3
-7.32180E-3
-7.64388E-3
-7.32180E-3
-7.96597E-3
-7.64388E-3
-7.96597E-3
-7.64388E-3
-7.64388E-3
-6.99972E-3
-6.03347E-3
-3.77888E-3
-6.99972E-3
-1.53739E-2
-2.21376E-2
-2.56805E-2
-2.72910E-2
-3.05118E-2
-3.34105E-2
-3.30885E-2
-3.43768E-2
-3.53430E-2
-3.63093E-2
-3.69535E-2
-3.69535E-2
-3.75976E-2
-3.82418E-2
-3.85639E-2
-3.85639E-2
-3.85639E-2
-3.85639E-2
-3.92080E-2
-3.95301E-2
-3.88860E-2
-3.95301E-2
-3.85639E-2
-3.95301E-2
-3.98522E-2
-3.85639E-2
-3.98522E-2
-3.95301E-2
-3.95301E-2
-3.95301E-2
-4.01743E-2
-3.95301E-2
-4.01743E-2
-4.04964E-2
-3.95301E-2
-3.92080E-2
-4.01743E-2
-3.98522E-2
-3.95301E-2
-3.95301E-2
-3.98522E-2
-3.92080E-2
-3.95301E-2
-3.95301E-2
-3.95301E-2
-4.01743E-2
-3.95301E-2
-3.95301E-2
-3.79197E-2
-3.56651E-2
-3.63093E-2
-3.95301E-2
-4.14626E-2
-4.11405E-2
-4.01743E-2
-3.88860E-2
-3.98522E-2
-4.01743E-2
-4.01743E-2
-4.01743E-2
-3.95301E-2
-3.98522E-2
-3.92080E-2
-3.98522E-2
-3.98522E-2
-3.98522E-2
-3.92080E-2
-3.98522E-2
-3.79197E-2
-3.82418E-2
-3.88860E-2
-3.95301E-2
-3.85639E-2
-3.88860E-2
-3.88860E-2
-3.85639E-2
-3.92080E-2
-3.88860E-2
-3.88860E-2
-3.88860E-2
-3.85639E-2
-3.88860E-2
-3.88860E-2
-3.85639E-2
-3.88860E-2
-3.82418E-2
-3.85639E-2
-3.95301E-2
-3.88860E-2
-3.92080E-2
-3.92080E-2
-3.85639E-2
-3.85639E-2
-3.85639E-2
-3.85639E-2
-3.37326E-2
-3.92080E-2
-3.85639E-2
-3.56651E-2
-2.98676E-2
-2.31039E-2
-1.60180E-2
-1.21530E-2
-9.89847E-3
-1.02205E-2
-1.21530E-2
-1.02205E-2
-7.64388E-3
-8.28805E-3
-7.64388E-3
-7.32180E-3
-7.96597E-3
-7.96597E-3
-6.99972E-3
-7.64388E-3
-7.32180E-3
-7.32180E-3
-6.99972E-3
-6.99972E-3
-6.67763E-3
-7.32180E-3
-6.99972E-3
-6.67763E-3
-6.67763E-3
-6.67763E-3
-7.96597E-3
-6.99972E-3
-6.99972E-3
-6.67763E-3
-6.99972E-3
-6.35555E-3
-6.67763E-3
-6.03347E-3
-6.99972E-3
-6.67763E-3
-6.03347E-3
-5.06722E-3
-5.38930E-3
-2.24597E-2
-8.42997E-2
-1.54836E-1
-2.11845E-1
-2.52427E-1
-2.83347E-1
-3.05893E-1
-3.24574E-1
-3.38745E-1
-3.50340E-1
-3.57426E-1
-3.67411E-1
-3.71598E-1
-3.77718E-1
-3.85125E-1
-3.88024E-1
-3.90279E-1
-3.91889E-1
-3.92211E-1
-3.92855E-1
-3.91245E-1
-3.91889E-1
-3.92533E-1
-3.93500E-1
-3.92855E-1
-3.95110E-1
-3.97043E-1
-3.98331E-1
-3.96720E-1
-3.97687E-1
-3.98009E-1
-3.98975E-1
-3.98009E-1
-3.97687E-1
-3.97365E-1
-3.97365E-1
-3.98653E-1
-3.98653E-1
-3.96720E-1
-3.95754E-1
-3.95432E-1
-3.95754E-1
-3.95754E-1
-3.96398E-1
-3.96398E-1
-3.96076E-1
-3.97365E-1
-3.98331E-1
-3.99619E-1
-3.98331E-1
-3.98331E-1
-3.98009E-1
-3.97365E-1
-3.98009E-1
-3.95754E-1
-3.95110E-1
-3.93822E-1
-3.95110E-1
-3.95110E-1
-3.95754E-1
-3.98653E-1
-3.95432E-1
-3.97043E-1
-3.96076E-1
-3.93822E-1
-3.94466E-1
-3.94466E-1
-3.94788E-1
-3.93178E-1
-3.91889E-1
-3.93822E-1
-3.95110E-1
-3.96076E-1
-3.96398E-1
-3.95432E-1
-3.96398E-1
-3.96720E-1
-3.98009E-1
-3.96076E-1
-3.95110E-1
-3.95110E-1
-3.96398E-1
-3.97365E-1
-3.97687E-1
-3.98975E-1
-3.98975E-1
-3.98653E-1
-3.98975E-1
-3.97365E-1
-3.97043E-1
-3.97687E-1
-3.97043E-1
-3.96398E-1
-3.95110E-1
-3.94466E-1
-3.94466E-1
-3.94788E-1
-3.96398E-1
-3.98653E-1
-3.94144E-1
-3.37457E-1
-2.60157E-1
-1.87688E-1
-1.31968E-1
-9.62168E-2
-7.72139E-2
-6.49747E-2
-5.59564E-2
-4.62939E-2
-3.72755E-2
-2.95455E-2
-2.27818E-2
-1.95610E-2
-2.02051E-2
-2.05272E-2
-1.79505E-2
-1.60180E-2
-1.24751E-2
-1.27972E-2
-1.27972E-2
-1.24751E-2
-1.15089E-2
-1.11868E-2
-1.18310E-2
-1.11868E-2
-1.11868E-2
-1.08647E-2
-1.05426E-2
-1.05426E-2
-1.08647E-2
-1.08647E-2
-1.11868E-2
-1.08647E-2
-1.02205E-2
-1.08647E-2
-1.05426E-2
-9.89847E-3
-1.05426E-2
-1.02205E-2
-9.89847E-3
-9.57638E-3
-9.89847E-3
-9.89847E-3
-9.89847E-3
-9.57638E-3
-9.57638E-3
-9.89847E-3
-9.57638E-3
-9.25430E-3
-9.25430E-3
-9.89847E-3
-9.25430E-3
-9.57638E-3
-9.89847E-3
-9.89847E-3
-9.57638E-3
-9.25430E-3
-8.93222E-3
-9.57638E-3
-9.25430E-3
-1.02205E-2
-1.08647E-2
-1.18310E-2
-8.93222E-3
-6.67763E-3
-6.67763E-3
-8.61013E-3
-9.89847E-3
-9.57638E-3
-8.93222E-3
-8.93222E-3
-8.28805E-3
-8.93222E-3
-8.93222E-3
-8.61013E-3
-8.61013E-3
-8.61013E-3
-9.25430E-3
-8.28805E-3
-8.28805E-3
-8.28805E-3
-8.28805E-3
-9.25430E-3
-8.61013E-3
-8.61013E-3
-8.28805E-3
-8.61013E-3
-9.25430E-3
-8.28805E-3
-8.61013E-3
-8.28805E-3
-9.25430E-3
-7.96597E-3
-8.93222E-3
-8.93222E-3
-9.25430E-3
-9.25430E-3
-8.61013E-3
-7.96597E-3
-7.32180E-3
-8.61013E-3
-8.28805E-3
-8.61013E-3
-7.96597E-3
-8.61013E-3
-8.93222E-3
-8.93222E-3
-8.61013E-3
-8.93222E-3
-8.28805E-3
-6.67763E-3
-5.06722E-3
-4.74513E-3
-7.32180E-3
-9.57638E-3
-9.57638E-3
-8.61013E-3
-7.64388E-3
-7.64388E-3
-8.28805E-3
-9.25430E-3
-8.61013E-3
-7.96597E-3
-8.61013E-3
-7.96597E-3
-8.28805E-3
-7.96597E-3
-7.64388E-3
-7.96597E-3
-8.28805E-3
-7.64388E-3
-6.99972E-3
-7.96597E-3
-7.64388E-3
-8.28805E-3
-7.96597E-3
-7.96597E-3
-7.96597E-3
-7.96597E-3
-8.28805E-3
-7.96597E-3
-7.96597E-3
-6.99972E-3
-6.99972E-3
-7.96597E-3
-8.28805E-3
-7.64388E-3
-8.61013E-3
-8.28805E-3
-8.93222E-3
-8.28805E-3
-7.64388E-3
-6.99972E-3
-7.64388E-3
-6.99972E-3
-7.64388E-3
-7.64388E-3
-7.64388E-3
-7.32180E-3
-8.28805E-3
-7.64388E-3
-9.57638E-3
-9.25430E-3
-7.96597E-3
-6.67763E-3
-6.35555E-3
-7.32180E-3
-8.28805E-3
-8.28805E-3
-8.28805E-3
-7.32180E-3
-7.96597E-3
-7.64388E-3
-7.96597E-3
-7.96597E-3
-7.64388E-3
-8.28805E-3
-7.96597E-3
-7.96597E-3
-7.96597E-3
-7.64388E-3
-7.64388E-3
-7.64388E-3
-7.32180E-3
-7.96597E-3
-7.64388E-3
-7.64388E-3
-7.32180E-3
-7.32180E-3
-8.28805E-3
-7.96597E-3
-7.32180E-3
-6.99972E-3
-8.28805E-3
-7.32180E-3
-7.96597E-3
-7.64388E-3
-8.28805E-3
-7.96597E-3
-8.61013E-3
-7.96597E-3
-7.96597E-3
-7.96597E-3
-7.32180E-3
-8.61013E-3
-7.96597E-3
-8.93222E-3
-8.93222E-3
-8.61013E-3
-8.28805E-3
-6.99972E-3
-5.71138E-3
-4.42305E-3
-7.32180E-3
-1.02205E-2
-9.57638E-3
-9.89847E-3
-7.96597E-3
-9.25430E-3
-9.57638E-3
-9.25430E-3
-8.28805E-3
-8.61013E-3
-8.28805E-3
-8.28805E-3
-7.96597E-3
-7.96597E-3
-7.96597E-3
-8.61013E-3
-8.28805E-3
-8.28805E-3
-8.28805E-3
-8.28805E-3
-7.96597E-3
-7.64388E-3
-6.99972E-3
-7.96597E-3
-8.28805E-3
-7.64388E-3
-8.28805E-3
-8.61013E-3
-8.28805E-3
-8.28805E-3
-8.28805E-3
-8.61013E-3
-7.96597E-3
-7.96597E-3
-8.28805E-3
-7.64388E-3
-8.28805E-3
-7.64388E-3
-7.32180E-3
-7.32180E-3
-8.28805E-3
-7.96597E-3
-7.32180E-3
-7.64388E-3
-7.32180E-3
-7.32180E-3
-7.32180E-3
-7.64388E-3
-9.25430E-3
-9.57638E-3
-7.96597E-3
-5.71138E-3
-5.38930E-3
-6.99972E-3
-8.93222E-3
-8.28805E-3
-7.96597E-3
-7.32180E-3
-7.96597E-3
-8.61013E-3
-8.28805E-3
-8.28805E-3
-8.61013E-3
-8.28805E-3
-7.96597E-3
-8.28805E-3
-7.96597E-3
-7.64388E-3
-7.64388E-3
-8.28805E-3
-8.28805E-3
-8.28805E-3
-8.61013E-3
-7.96597E-3
-8.28805E-3
-8.28805E-3
-8.61013E-3
-8.28805E-3
-8.28805E-3
-7.64388E-3
-9.25430E-3
-8.61013E-3
-8.61013E-3
-9.25430E-3
-8.28805E-3
-8.28805E-3
-7.96597E-3
-8.28805E-3
-7.96597E-3
-7.96597E-3
-7.64388E-3
-7.96597E-3
-7.96597E-3
-8.61013E-3
-7.64388E-3
-7.96597E-3
-8.28805E-3
-6.99972E-3
-5.06722E-3
-4.42305E-3
-8.28805E-3
-1.02205E-2
-1.05426E-2
-8.93222E-3
-7.32180E-3
-8.28805E-3
-8.28805E-3
-8.61013E-3
-8.61013E-3
-8.28805E-3
-8.28805E-3
-8.28805E-3
-8.61013E-3
-7.96597E-3
-7.64388E-3
-8.28805E-3
-8.28805E-3
-7.96597E-3
-8.28805E-3
-8.28805E-3
-8.28805E-3
-7.64388E-3
-8.28805E-3
-8.28805E-3
