6.83460E+9
4.61630E+8
-3.77086E-1
0.00000E+0
0.00000E+0
0.00000E+0
5.00000E-7
-1.18310E-2
-8.93222E-3
-8.93222E-3
-7.64388E-3
-7.96597E-3
-7.96597E-3
-7.32180E-3
-8.28805E-3
-8.28805E-3
-8.61013E-3
-8.93222E-3
-8.93222E-3
-8.28805E-3
-8.61013E-3
-8.61013E-3
-7.64388E-3
-7.64388E-3
-8.28805E-3
-7.96597E-3
-1.11868E-2
-1.02205E-2
-6.99972E-3
-7.32180E-3
-7.32180E-3
-8.28805E-3
-9.25430E-3
-8.93222E-3
-7.96597E-3
-8.28805E-3
-8.28805E-3
-8.61013E-3
-7.64388E-3
-5.71138E-3
-3.45680E-3
-5.38930E-3
-9.57638E-3
-1.53739E-2
-1.98830E-2
-2.18155E-2
-2.27818E-2
-2.24597E-2
-2.40701E-2
-2.50364E-2
-2.60026E-2
-2.69689E-2
-2.69689E-2
-2.76130E-2
-2.76130E-2
-2.79351E-2
-2.72910E-2
-2.82572E-2
-2.82572E-2
-2.89014E-2
-2.85793E-2
-2.82572E-2
-2.82572E-2
-2.82572E-2
-2.95455E-2
-2.82572E-2
-2.92235E-2
-2.85793E-2
-2.85793E-2
-2.89014E-2
-2.98676E-2
-3.01897E-2
-2.95455E-2
-2.95455E-2
-2.95455E-2
-3.01897E-2
-2.63247E-2
-2.82572E-2
-3.14780E-2
-3.01897E-2
-3.05118E-2
-2.92235E-2
-2.89014E-2
-2.92235E-2
-2.95455E-2
-3.01897E-2
-2.92235E-2
-2.98676E-2
-2.95455E-2
-2.98676E-2
-2.92235E-2
-2.98676E-2
-2.98676E-2
-2.89014E-2
-2.98676E-2
-2.92235E-2
-2.98676E-2
-2.95455E-2
-2.98676E-2
-3.01897E-2
-2.98676E-2
-3.01897E-2
-2.98676E-2
-2.98676E-2
-2.98676E-2
-3.01897E-2
-2.95455E-2
-3.05118E-2
-2.92235E-2
-3.05118E-2
-2.98676E-2
-3.01897E-2
-3.01897E-2
-3.01897E-2
-2.98676E-2
-2.98676E-2
-2.92235E-2
-2.92235E-2
-2.92235E-2
-2.92235E-2
-2.89014E-2
-2.95455E-2
-2.89014E-2
-2.89014E-2
-2.79351E-2
-2.85793E-2
-3.08339E-2
-3.05118E-2
-2.85793E-2
-2.76130E-2
-2.79351E-2
-2.79351E-2
-2.89014E-2
-2.98676E-2
-2.85793E-2
-2.79351E-2
-2.82572E-2
-2.31039E-2
-2.89014E-2
-2.85793E-2
-2.72910E-2
-2.18155E-2
-1.73064E-2
-1.47297E-2
-1.24751E-2
-1.18310E-2
-1.02205E-2
-1.05426E-2
-9.57638E-3
-8.61013E-3
-8.28805E-3
-8.61013E-3
-7.96597E-3
-8.28805E-3
-8.28805E-3
-7.64388E-3
-6.99972E-3
-7.64388E-3
-7.96597E-3
-7.64388E-3
-7.32180E-3
-7.64388E-3
-7.96597E-3
-7.64388E-3
-7.96597E-3
-6.99972E-3
-6.67763E-3
-6.99972E-3
-6.67763E-3
-6.67763E-3
-6.67763E-3
-6.67763E-3
-7.32180E-3
-6.35555E-3
-6.67763E-3
-7.64388E-3
-3.45680E-3
-5.71138E-3
-7.96597E-3
-8.61013E-3
-2.43922E-2
-8.33334E-2
-1.53226E-1
-2.09590E-1
-2.51783E-1
-2.81415E-1
-3.06537E-1
-3.27795E-1
-3.41966E-1
-3.54528E-1
-3.63546E-1
-3.70632E-1
-3.76429E-1
-3.81583E-1
-3.85125E-1
-3.87380E-1
-3.90279E-1
-3.91245E-1
-3.90923E-1
-3.91245E-1
-3.92211E-1
-3.91889E-1
-3.92211E-1
-3.91567E-1
-3.92533E-1
-3.92211E-1
-3.92855E-1
-3.93822E-1
-3.94466E-1
-3.95110E-1
-3.94788E-1
-3.94788E-1
-3.95754E-1
-3.96398E-1
-3.96398E-1
-3.94788E-1
-3.94466E-1
-3.95110E-1
-3.95754E-1
-3.96398E-1
-3.97687E-1
-3.98331E-1
-3.97043E-1
-3.96076E-1
-3.94788E-1
-3.94144E-1
-3.94788E-1
-3.97687E-1
-3.94466E-1
-3.93178E-1
-3.93178E-1
-3.93178E-1
-3.93500E-1
-3.93822E-1
-3.93500E-1
-3.93500E-1
-3.94788E-1
-3.96398E-1
-3.97043E-1
-3.96398E-1
-3.96720E-1
-3.96076E-1
-3.97043E-1
-3.97687E-1
-3.98331E-1
-3.98009E-1
-3.96398E-1
-3.95110E-1
-3.93500E-1
-3.91245E-1
-3.91567E-1
-3.93178E-1
-3.94144E-1
-3.95432E-1
-3.95110E-1
-3.95432E-1
-3.97043E-1
-3.97687E-1
-3.97687E-1
-3.98975E-1
-3.98009E-1
-3.98975E-1
-3.96398E-1
-3.96398E-1
-3.94466E-1
-3.94144E-1
-3.93178E-1
-3.95110E-1
-3.94788E-1
-3.94144E-1
-3.94466E-1
-3.94144E-1
-3.94788E-1
-3.95754E-1
-3.96398E-1
-3.95432E-1
-3.91889E-1
-3.96720E-1
-4.00263E-1
-3.92855E-1
-3.35203E-1
-2.56936E-1
-1.85112E-1
-1.31002E-1
-9.62168E-2
-7.81801E-2
-6.59409E-2
-5.69226E-2
-4.66160E-2
-3.75976E-2
-3.18001E-2
-2.72910E-2
-2.37480E-2
-2.14935E-2
-1.98830E-2
-1.79505E-2
-1.63401E-2
-1.50518E-2
-1.44076E-2
-1.37635E-2
-1.34414E-2
-1.24751E-2
-1.27972E-2
-1.21530E-2
-1.21530E-2
-1.18310E-2
-1.11868E-2
-1.11868E-2
-1.15089E-2
-1.11868E-2
-1.15089E-2
-1.08647E-2
-1.11868E-2
-1.02205E-2
-1.02205E-2
-1.02205E-2
-9.89847E-3
-1.02205E-2
-1.02205E-2
-1.02205E-2
-1.05426E-2
-1.05426E-2
-1.11868E-2
-9.89847E-3
-1.02205E-2
-1.02205E-2
-1.34414E-2
-1.27972E-2
-9.25430E-3
-8.61013E-3
-8.93222E-3
-9.57638E-3
-1.05426E-2
-9.89847E-3
-9.25430E-3
-9.25430E-3
-9.57638E-3
-9.25430E-3
-8.93222E-3
-8.93222E-3
-9.89847E-3
-9.89847E-3
-9.25430E-3
-9.57638E-3
-9.25430E-3
-9.89847E-3
-8.61013E-3
-9.89847E-3
-9.25430E-3
-9.25430E-3
-9.89847E-3
-1.02205E-2
-9.57638E-3
-9.89847E-3
-9.57638E-3
-9.25430E-3
-9.25430E-3
-9.25430E-3
-9.25430E-3
-9.25430E-3
-8.93222E-3
-9.25430E-3
-8.93222E-3
-8.93222E-3
-8.93222E-3
-8.28805E-3
-9.25430E-3
-9.57638E-3
-8.61013E-3
-8.93222E-3
-9.25430E-3
-9.25430E-3
-8.93222E-3
-8.61013E-3
-8.61013E-3
-8.61013E-3
-5.06722E-3
-7.96597E-3
-1.08647E-2
-9.57638E-3
-9.57638E-3
-9.25430E-3
-8.61013E-3
-8.61013E-3
-8.61013E-3
-8.93222E-3
-7.96597E-3
-8.93222E-3
-7.96597E-3
-8.28805E-3
-7.96597E-3
-8.28805E-3
-9.25430E-3
-8.28805E-3
-7.96597E-3
-8.61013E-3
-8.61013E-3
-7.96597E-3
-8.28805E-3
-8.61013E-3
-7.96597E-3
-7.64388E-3
-8.28805E-3
-8.61013E-3
-8.61013E-3
-8.93222E-3
-9.25430E-3
-8.61013E-3
-8.93222E-3
-9.57638E-3
-9.25430E-3
-8.61013E-3
-8.93222E-3
-7.64388E-3
-7.32180E-3
-8.28805E-3
-8.61013E-3
-7.96597E-3
-7.96597E-3
-8.28805E-3
-7.64388E-3
-8.28805E-3
-7.96597E-3
-8.61013E-3
-8.61013E-3
-7.96597E-3
-1.15089E-2
-9.89847E-3
-8.28805E-3
-6.99972E-3
-7.64388E-3
-7.96597E-3
-9.25430E-3
-8.28805E-3
-7.64388E-3
-8.28805E-3
-8.61013E-3
-8.61013E-3
-8.93222E-3
-8.93222E-3
-7.96597E-3
-8.93222E-3
-8.28805E-3
-8.28805E-3
-8.28805E-3
-8.28805E-3
-8.28805E-3
-8.28805E-3
-6.99972E-3
-6.99972E-3
-7.96597E-3
-8.61013E-3
-8.93222E-3
-8.28805E-3
-8.61013E-3
-8.61013E-3
-8.28805E-3
-8.28805E-3
-8.28805E-3
-7.96597E-3
-8.28805E-3
-8.28805E-3
-8.28805E-3
-8.28805E-3
-8.61013E-3
-8.61013E-3
-7.96597E-3
-9.25430E-3
-8.61013E-3
-9.25430E-3
-7.64388E-3
-8.28805E-3
-8.28805E-3
-8.28805E-3
-8.61013E-3
-9.25430E-3
-5.71138E-3
-7.64388E-3
-1.05426E-2
-9.25430E-3
-1.02205E-2
-8.61013E-3
-9.25430E-3
-8.93222E-3
-8.61013E-3
-8.61013E-3
-8.28805E-3
-8.93222E-3
-7.64388E-3
-8.61013E-3
-7.32180E-3
-8.93222E-3
-8.28805E-3
-8.61013E-3
-8.61013E-3
-8.61013E-3
-9.25430E-3
-8.28805E-3
-8.61013E-3
-9.25430E-3
-9.25430E-3
-8.61013E-3
-9.25430E-3
-9.25430E-3
-8.61013E-3
-8.61013E-3
-7.96597E-3
-7.96597E-3
-8.28805E-3
-8.28805E-3
-8.61013E-3
-8.61013E-3
-9.25430E-3
-9.25430E-3
-8.93222E-3
-8.93222E-3
-8.61013E-3
-8.61013E-3
-8.28805E-3
-7.96597E-3
-8.93222E-3
-8.61013E-3
-7.96597E-3
-8.28805E-3
-8.61013E-3
-8.61013E-3
-1.21530E-2
-1.05426E-2
-7.64388E-3
-6.99972E-3
-7.96597E-3
-8.61013E-3
-9.89847E-3
-9.89847E-3
-8.93222E-3
-8.61013E-3
-8.93222E-3
-9.25430E-3
-8.61013E-3
-8.61013E-3
-8.93222E-3
-8.93222E-3
-8.93222E-3
-8.61013E-3
-9.57638E-3
-8.61013E-3
-9.25430E-3
-8.61013E-3
-8.28805E-3
-8.28805E-3
-8.28805E-3
-8.28805E-3
-8.28805E-3
-7.96597E-3
-8.28805E-3
-8.28805E-3
-8.61013E-3
-7.64388E-3
-7.64388E-3
-8.28805E-3
-7.96597E-3
-7.96597E-3
-7.64388E-3
-7.64388E-3
-8.28805E-3
-8.28805E-3
-8.28805E-3
-7.96597E-3
-8.61013E-3
-8.28805E-3
-7.96597E-3
-7.64388E-3
-8.28805E-3
-7.96597E-3
-8.28805E-3
-8.28805E-3
-4.42305E-3
-5.71138E-3
-9.57638E-3
-9.57638E-3
-9.25430E-3
-8.93222E-3
-7.96597E-3
-8.28805E-3
-8.93222E-3
-8.61013E-3
-8.93222E-3
-8.61013E-3
-8.28805E-3
-8.61013E-3
-9.25430E-3
-8.93222E-3
-8.61013E-3
-8.61013E-3
-8.93222E-3
-9.25430E-3
-9.89847E-3
-8.61013E-3
-8.93222E-3
-8.93222E-3
-8.93222E-3
-8.28805E-3
-7.96597E-3
-8.61013E-3
-7.64388E-3
-8.61013E-3
-8.28805E-3
-8.61013E-3
-8.61013E-3
-8.28805E-3
-7.96597E-3
-8.28805E-3
-7.96597E-3
-8.28805E-3
-8.28805E-3
-8.61013E-3
-8.28805E-3
