6.83466E+9
4.61690E+8
-3.81819E-1
0.00000E+0
0.00000E+0
0.00000E+0
5.00000E-7
-1.34414E-2
-9.25430E-3
-8.28805E-3
-8.61013E-3
-8.28805E-3
-9.25430E-3
-8.61013E-3
-7.96597E-3
-8.61013E-3
-8.28805E-3
-7.64388E-3
-7.64388E-3
-7.96597E-3
-8.61013E-3
-8.28805E-3
-8.61013E-3
-8.61013E-3
-8.28805E-3
-8.28805E-3
-7.32180E-3
-8.61013E-3
-7.96597E-3
-7.96597E-3
-7.64388E-3
-6.99972E-3
-7.96597E-3
-8.28805E-3
-8.61013E-3
-8.28805E-3
-8.61013E-3
-7.96597E-3
-7.32180E-3
-5.06722E-3
-4.42305E-3
-6.99972E-3
-1.40855E-2
-2.27818E-2
-2.92235E-2
-3.21222E-2
-3.34105E-2
-3.43768E-2
-3.56651E-2
-3.72755E-2
-3.85639E-2
-3.88860E-2
-3.95301E-2
-4.53276E-2
-4.53276E-2
-3.95301E-2
-3.95301E-2
-4.01743E-2
-4.01743E-2
-4.14626E-2
-4.17847E-2
-4.14626E-2
-4.17847E-2
-4.24289E-2
-4.24289E-2
-4.21068E-2
-4.14626E-2
-4.24289E-2
-4.21068E-2
-4.21068E-2
-4.21068E-2
-4.14626E-2
-4.24289E-2
-4.27510E-2
-4.21068E-2
-4.17847E-2
-4.21068E-2
-4.24289E-2
-4.21068E-2
-4.17847E-2
-4.24289E-2
-4.24289E-2
-4.21068E-2
-4.17847E-2
-4.24289E-2
-4.14626E-2
-4.21068E-2
-4.24289E-2
-4.21068E-2
-4.11405E-2
-4.14626E-2
-4.17847E-2
-4.14626E-2
-4.14626E-2
-4.21068E-2
-4.14626E-2
-4.17847E-2
-4.17847E-2
-4.14626E-2
-4.24289E-2
-4.08185E-2
-4.11405E-2
-4.08185E-2
-3.95301E-2
-3.88860E-2
-4.21068E-2
-4.14626E-2
-4.14626E-2
-4.17847E-2
-4.11405E-2
-4.11405E-2
-4.04964E-2
-4.14626E-2
-4.17847E-2
-4.14626E-2
-4.14626E-2
-4.14626E-2
-4.11405E-2
-4.11405E-2
-4.11405E-2
-4.11405E-2
-4.14626E-2
-4.14626E-2
-4.08185E-2
-4.11405E-2
-4.08185E-2
-4.14626E-2
-4.08185E-2
-4.14626E-2
-4.11405E-2
-4.04964E-2
-4.14626E-2
-4.11405E-2
-4.04964E-2
-4.11405E-2
-4.11405E-2
-4.04964E-2
-3.56651E-2
-4.11405E-2
-4.11405E-2
-3.69535E-2
-3.01897E-2
-2.24597E-2
-1.66622E-2
-1.40855E-2
-1.34414E-2
-1.24751E-2
-1.24751E-2
-1.05426E-2
-9.89847E-3
-9.25430E-3
-8.28805E-3
-8.28805E-3
-1.31193E-2
-1.37635E-2
-7.96597E-3
-6.35555E-3
-6.03347E-3
-6.35555E-3
-7.32180E-3
-7.32180E-3
-6.99972E-3
-7.64388E-3
-7.64388E-3
-6.67763E-3
-6.99972E-3
-7.96597E-3
-8.28805E-3
-7.64388E-3
-7.32180E-3
-7.32180E-3
-7.64388E-3
-6.99972E-3
-7.64388E-3
-7.32180E-3
-6.99972E-3
-7.64388E-3
-7.96597E-3
-6.99972E-3
-7.64388E-3
-2.47143E-2
-8.78426E-2
-1.58379E-1
-2.16032E-1
-2.58225E-1
-2.89467E-1
-3.12335E-1
-3.30693E-1
-3.43577E-1
-3.54528E-1
-3.63224E-1
-3.69665E-1
-3.74497E-1
-3.81260E-1
-3.84803E-1
-3.89957E-1
-3.91245E-1
-3.94144E-1
-3.94788E-1
-3.95754E-1
-3.97365E-1
-3.98975E-1
-3.98653E-1
-3.94788E-1
-3.96398E-1
-3.99297E-1
-3.99297E-1
-4.02196E-1
-4.00908E-1
-4.01552E-1
-4.01230E-1
-4.00908E-1
-4.02196E-1
-4.00585E-1
-4.00585E-1
-3.99941E-1
-4.01552E-1
-4.01874E-1
-4.00908E-1
-3.99941E-1
-3.98009E-1
-3.98331E-1
-3.99619E-1
-3.99941E-1
-4.00263E-1
-3.99941E-1
-3.98975E-1
-4.00585E-1
-4.00263E-1
-3.98975E-1
-3.98975E-1
-3.98331E-1
-3.98009E-1
-3.98009E-1
-3.96398E-1
-3.97687E-1
-3.98653E-1
-4.00908E-1
-4.01230E-1
-4.01230E-1
-4.02196E-1
-4.01874E-1
-4.00908E-1
-4.00263E-1
-4.00585E-1
-4.00908E-1
-3.99941E-1
-3.99297E-1
-3.98331E-1
-3.99297E-1
-4.00263E-1
-4.00908E-1
-3.99297E-1
-4.04450E-1
-4.02840E-1
-3.98975E-1
-3.96720E-1
-3.97365E-1
-3.99297E-1
-4.00585E-1
-4.00908E-1
-4.01874E-1
-4.04128E-1
-4.04773E-1
-4.03484E-1
-4.01230E-1
-3.99619E-1
-4.00908E-1
-4.00585E-1
-3.99941E-1
-4.00263E-1
-4.00263E-1
-4.00263E-1
-4.00585E-1
-4.01230E-1
-4.01874E-1
-4.00908E-1
-4.01230E-1
-4.01230E-1
-3.95432E-1
-3.38423E-1
-2.60479E-1
-1.88333E-1
-1.32934E-1
-9.75051E-2
-7.85022E-2
-6.69072E-2
-5.62785E-2
-4.69380E-2
-3.79197E-2
-3.11560E-2
-2.76130E-2
-2.40701E-2
-2.21376E-2
-1.98830E-2
-1.79505E-2
-1.56960E-2
-1.50518E-2
-1.37635E-2
-1.40855E-2
-1.37635E-2
-1.27972E-2
-1.27972E-2
-1.08647E-2
-1.05426E-2
-1.11868E-2
-1.24751E-2
-1.34414E-2
-1.27972E-2
-1.18310E-2
-1.11868E-2
-1.15089E-2
-1.15089E-2
-1.18310E-2
-1.15089E-2
-1.05426E-2
-1.11868E-2
-1.11868E-2
-1.11868E-2
-1.08647E-2
-1.11868E-2
-1.15089E-2
-1.08647E-2
-1.15089E-2
-1.08647E-2
-1.15089E-2
-1.08647E-2
-1.11868E-2
-1.08647E-2
-1.08647E-2
-1.02205E-2
-1.11868E-2
-1.11868E-2
-1.08647E-2
-1.11868E-2
-1.15089E-2
-1.08647E-2
-1.02205E-2
-1.02205E-2
-9.89847E-3
-9.89847E-3
-9.25430E-3
-8.61013E-3
-1.02205E-2
-1.02205E-2
-9.57638E-3
-9.57638E-3
-9.25430E-3
-1.05426E-2
-9.89847E-3
-9.25430E-3
-9.25430E-3
-8.61013E-3
-1.50518E-2
-1.50518E-2
-8.93222E-3
-7.96597E-3
-7.96597E-3
-8.61013E-3
-9.57638E-3
-9.57638E-3
-9.25430E-3
-8.61013E-3
-9.89847E-3
-9.57638E-3
-8.61013E-3
-9.57638E-3
-9.25430E-3
-9.89847E-3
-9.89847E-3
-9.89847E-3
-9.25430E-3
-9.57638E-3
-1.08647E-2
-9.25430E-3
-9.57638E-3
-8.93222E-3
-9.25430E-3
-9.57638E-3
-8.93222E-3
-9.25430E-3
-9.89847E-3
-1.05426E-2
-9.57638E-3
-9.57638E-3
-9.57638E-3
-9.25430E-3
-8.93222E-3
-8.93222E-3
-8.93222E-3
-8.61013E-3
-9.25430E-3
-9.25430E-3
-9.25430E-3
-9.25430E-3
-1.02205E-2
-9.25430E-3
-8.61013E-3
-8.93222E-3
-8.61013E-3
-8.61013E-3
-8.61013E-3
-8.93222E-3
-6.67763E-3
-6.67763E-3
-8.28805E-3
-9.57638E-3
-9.89847E-3
-9.25430E-3
-9.89847E-3
-8.93222E-3
-8.93222E-3
-9.57638E-3
-9.57638E-3
-9.25430E-3
-9.25430E-3
-1.02205E-2
-9.25430E-3
-7.96597E-3
-8.61013E-3
-8.93222E-3
-8.93222E-3
-9.25430E-3
-8.93222E-3
-9.25430E-3
-9.57638E-3
-9.89847E-3
-8.93222E-3
-9.57638E-3
-9.57638E-3
-9.25430E-3
-8.93222E-3
-9.25430E-3
-8.93222E-3
-8.93222E-3
-8.93222E-3
-8.93222E-3
-9.25430E-3
-8.93222E-3
-8.28805E-3
-8.93222E-3
-8.61013E-3
-8.61013E-3
-8.93222E-3
-8.61013E-3
-8.61013E-3
-9.25430E-3
-8.93222E-3
-9.25430E-3
-9.25430E-3
-8.93222E-3
-8.61013E-3
-8.28805E-3
-1.37635E-2
-1.31193E-2
-8.28805E-3
-6.99972E-3
-7.64388E-3
-8.61013E-3
-8.61013E-3
-8.61013E-3
-8.28805E-3
-9.25430E-3
-9.25430E-3
-8.93222E-3
-7.96597E-3
-8.61013E-3
-8.61013E-3
-8.61013E-3
-9.25430E-3
-8.93222E-3
-8.93222E-3
-8.61013E-3
-8.61013E-3
-8.28805E-3
-8.93222E-3
-8.93222E-3
-9.25430E-3
-9.25430E-3
-8.93222E-3
-9.57638E-3
-8.61013E-3
-9.57638E-3
-9.25430E-3
-8.93222E-3
-9.25430E-3
-8.61013E-3
-9.25430E-3
-9.57638E-3
-9.25430E-3
-9.57638E-3
-8.93222E-3
-9.57638E-3
-9.25430E-3
-9.25430E-3
-9.25430E-3
-8.61013E-3
-9.89847E-3
-9.25430E-3
-9.25430E-3
-8.28805E-3
-8.28805E-3
-8.93222E-3
-5.38930E-3
-6.35555E-3
-1.02205E-2
-8.61013E-3
-8.93222E-3
-9.25430E-3
-9.25430E-3
-8.28805E-3
-8.61013E-3
-8.93222E-3
-8.61013E-3
-8.61013E-3
-9.57638E-3
-9.25430E-3
-8.61013E-3
-8.93222E-3
-9.25430E-3
-8.61013E-3
-9.25430E-3
-8.61013E-3
-7.96597E-3
-8.93222E-3
-9.25430E-3
-9.25430E-3
-9.25430E-3
-8.93222E-3
-8.61013E-3
-8.61013E-3
-9.57638E-3
-8.61013E-3
-9.25430E-3
-8.93222E-3
-9.25430E-3
-8.93222E-3
-9.25430E-3
-8.93222E-3
-8.93222E-3
-8.28805E-3
-8.61013E-3
-9.25430E-3
-8.61013E-3
-9.25430E-3
-9.57638E-3
-9.89847E-3
-9.25430E-3
-8.93222E-3
-9.25430E-3
-9.25430E-3
-9.89847E-3
-8.93222E-3
-1.40855E-2
-1.47297E-2
-9.25430E-3
-8.61013E-3
-7.64388E-3
-8.61013E-3
-8.93222E-3
-8.28805E-3
-8.93222E-3
-8.61013E-3
-8.93222E-3
-8.61013E-3
-8.93222E-3
-9.57638E-3
-9.57638E-3
-9.57638E-3
-9.25430E-3
-8.61013E-3
-8.61013E-3
-8.93222E-3
-7.96597E-3
-8.61013E-3
-9.25430E-3
-8.93222E-3
-8.93222E-3
-7.96597E-3
-8.28805E-3
-9.25430E-3
-9.57638E-3
-8.93222E-3
-8.93222E-3
-7.96597E-3
-9.25430E-3
-7.96597E-3
-9.25430E-3
-8.28805E-3
-8.28805E-3
-8.28805E-3
-8.93222E-3
-8.28805E-3
-8.61013E-3
-8.61013E-3
-8.93222E-3
-9.25430E-3
-8.61013E-3
-8.28805E-3
-8.93222E-3
-8.28805E-3
-8.28805E-3
-8.61013E-3
-5.38930E-3
-6.03347E-3
-8.93222E-3
-9.25430E-3
-9.89847E-3
-9.25430E-3
-8.61013E-3
-7.64388E-3
-7.96597E-3
-8.28805E-3
-8.61013E-3
-8.28805E-3
-9.25430E-3
-8.28805E-3
