6.83510E+9
4.62130E+8
-3.81935E-1
0.00000E+0
0.00000E+0
0.00000E+0
5.00000E-7
-1.15089E-2
-7.96597E-3
-8.28805E-3
-8.28805E-3
-7.64388E-3
-8.93222E-3
-7.64388E-3
-7.64388E-3
-7.96597E-3
-7.64388E-3
-7.64388E-3
-7.64388E-3
-7.64388E-3
-7.96597E-3
-8.28805E-3
-7.64388E-3
-7.64388E-3
-8.28805E-3
-7.96597E-3
-6.99972E-3
-8.28805E-3
-7.64388E-3
-7.32180E-3
-7.64388E-3
-7.64388E-3
-8.28805E-3
-7.96597E-3
-8.28805E-3
-6.99972E-3
-7.64388E-3
-6.99972E-3
-5.71138E-3
-4.42305E-3
-3.45680E-3
-1.05426E-2
-2.72910E-2
-4.30730E-2
-5.37018E-2
-5.91772E-2
-6.17539E-2
-6.43305E-2
-6.75514E-2
-6.94839E-2
-7.62476E-2
-7.49593E-2
-7.14164E-2
-7.14164E-2
-7.36709E-2
-7.52814E-2
-7.59255E-2
-7.56034E-2
-7.52814E-2
-7.56034E-2
-7.68918E-2
-7.68918E-2
-7.62476E-2
-7.62476E-2
-7.65697E-2
-7.68918E-2
-7.62476E-2
-7.78580E-2
-7.81801E-2
-7.75359E-2
-7.75359E-2
-7.78580E-2
-7.78580E-2
-7.78580E-2
-7.75359E-2
-7.78580E-2
-7.75359E-2
-7.75359E-2
-7.75359E-2
-7.68918E-2
-7.68918E-2
-7.75359E-2
-7.72139E-2
-7.65697E-2
-7.68918E-2
-7.68918E-2
-7.62476E-2
-7.78580E-2
-7.65697E-2
-7.65697E-2
-7.62476E-2
-7.52814E-2
-7.56034E-2
-7.52814E-2
-7.49593E-2
-7.59255E-2
-7.59255E-2
-7.59255E-2
-7.52814E-2
-7.56034E-2
-7.04501E-2
-7.23826E-2
-7.72139E-2
-7.62476E-2
-7.56034E-2
-7.49593E-2
-7.49593E-2
-7.46372E-2
-7.52814E-2
-7.52814E-2
-7.52814E-2
-7.49593E-2
-7.46372E-2
-7.49593E-2
-7.49593E-2
-7.43151E-2
-7.43151E-2
-7.39930E-2
-7.36709E-2
-7.27047E-2
-7.36709E-2
-7.30268E-2
-7.33489E-2
-7.33489E-2
-7.30268E-2
-7.36709E-2
-7.27047E-2
-7.27047E-2
-7.23826E-2
-7.20605E-2
-7.23826E-2
-7.23826E-2
-7.23826E-2
-7.23826E-2
-7.17384E-2
-7.23826E-2
-7.20605E-2
-6.81955E-2
-7.14164E-2
-7.10943E-2
-6.49747E-2
-5.04810E-2
-3.59872E-2
-2.56805E-2
-1.98830E-2
-1.79505E-2
-1.66622E-2
-1.50518E-2
-1.37635E-2
-1.11868E-2
-1.56960E-2
-1.15089E-2
-7.96597E-3
-6.67763E-3
-6.67763E-3
-7.96597E-3
-8.28805E-3
-6.99972E-3
-6.35555E-3
-7.32180E-3
-7.32180E-3
-7.64388E-3
-7.32180E-3
-6.99972E-3
-7.96597E-3
-7.32180E-3
-6.67763E-3
-7.32180E-3
-6.99972E-3
-6.67763E-3
-7.32180E-3
-6.99972E-3
-6.99972E-3
-7.64388E-3
-7.32180E-3
-7.96597E-3
-7.96597E-3
-7.64388E-3
-7.64388E-3
-7.96597E-3
-2.82572E-2
-9.36401E-2
-1.65787E-1
-2.21185E-1
-2.62412E-1
-2.92365E-1
-3.14589E-1
-3.32626E-1
-3.46798E-1
-3.58715E-1
-3.66767E-1
-3.74175E-1
-3.78362E-1
-3.82549E-1
-3.85448E-1
-3.88668E-1
-3.93178E-1
-3.94144E-1
-3.95110E-1
-3.95432E-1
-3.89635E-1
-3.96720E-1
-4.02840E-1
-4.02518E-1
-4.01230E-1
-3.99619E-1
-3.98331E-1
-3.99297E-1
-3.99297E-1
-3.98975E-1
-4.00263E-1
-4.01552E-1
-4.00585E-1
-4.00263E-1
-3.99619E-1
-3.99941E-1
-3.98653E-1
-3.98975E-1
-3.97687E-1
-3.98331E-1
-3.98975E-1
-3.99619E-1
-4.00263E-1
-4.01230E-1
-4.02518E-1
-4.01552E-1
-3.99941E-1
-3.99297E-1
-3.99619E-1
-4.00908E-1
-4.02518E-1
-4.02518E-1
-4.02518E-1
-4.01230E-1
-4.01874E-1
-4.02518E-1
-4.01552E-1
-4.01874E-1
-4.01552E-1
-4.02840E-1
-4.01874E-1
-4.01230E-1
-3.99619E-1
-3.99941E-1
-4.00263E-1
-4.00263E-1
-4.00263E-1
-4.02196E-1
-4.01230E-1
-4.01230E-1
-4.06383E-1
-3.99297E-1
-3.95754E-1
-3.97365E-1
-3.99941E-1
-4.02518E-1
-4.01874E-1
-4.00908E-1
-3.98975E-1
-3.99619E-1
-3.98331E-1
-3.99297E-1
-3.99619E-1
-3.98975E-1
-3.98331E-1
-3.98975E-1
-3.99297E-1
-4.00263E-1
-3.99619E-1
-3.99941E-1
-3.98975E-1
-3.98653E-1
-3.99941E-1
-4.00263E-1
-3.99619E-1
-3.98331E-1
-3.97043E-1
-3.97687E-1
-3.99941E-1
-3.95110E-1
-3.37457E-1
-2.59835E-1
-1.87044E-1
-1.32290E-1
-9.68609E-2
-7.75359E-2
-6.62630E-2
-5.62785E-2
-4.62939E-2
-3.72755E-2
-3.01897E-2
-2.63247E-2
-2.31039E-2
-2.05272E-2
-1.95610E-2
-1.73064E-2
-1.50518E-2
-1.40855E-2
-1.34414E-2
-1.34414E-2
-8.61013E-3
-1.05426E-2
-1.27972E-2
-1.37635E-2
-1.27972E-2
-1.15089E-2
-1.15089E-2
-1.21530E-2
-1.18310E-2
-1.05426E-2
-1.08647E-2
-1.05426E-2
-1.08647E-2
-9.89847E-3
-1.08647E-2
-9.89847E-3
-1.08647E-2
-1.08647E-2
-1.11868E-2
-1.11868E-2
-1.11868E-2
-1.05426E-2
-1.02205E-2
-1.05426E-2
-9.89847E-3
-1.08647E-2
-1.05426E-2
-1.05426E-2
-1.05426E-2
-1.05426E-2
-1.08647E-2
-1.02205E-2
-1.02205E-2
-1.05426E-2
-9.89847E-3
-9.89847E-3
-9.25430E-3
-9.89847E-3
-1.02205E-2
-1.05426E-2
-9.89847E-3
-1.02205E-2
-9.89847E-3
-9.57638E-3
-9.57638E-3
-9.57638E-3
-9.25430E-3
-9.25430E-3
-9.89847E-3
-9.25430E-3
-1.44076E-2
-1.24751E-2
-8.61013E-3
-7.96597E-3
-7.96597E-3
-9.57638E-3
-9.57638E-3
-9.89847E-3
-8.28805E-3
-9.25430E-3
-9.57638E-3
-9.25430E-3
-9.57638E-3
-8.93222E-3
-8.93222E-3
-8.93222E-3
-8.93222E-3
-8.93222E-3
-9.25430E-3
-9.25430E-3
-9.57638E-3
-8.28805E-3
-8.28805E-3
-7.64388E-3
-7.64388E-3
-9.25430E-3
-8.61013E-3
-9.57638E-3
-8.93222E-3
-9.57638E-3
-9.57638E-3
-9.25430E-3
-8.93222E-3
-9.25430E-3
-9.25430E-3
-9.25430E-3
-8.93222E-3
-8.61013E-3
-9.25430E-3
-8.61013E-3
-8.93222E-3
-8.28805E-3
-8.93222E-3
-9.25430E-3
-8.61013E-3
-8.61013E-3
-8.93222E-3
-8.61013E-3
-8.28805E-3
-8.93222E-3
-3.13472E-3
-5.71138E-3
-8.61013E-3
-9.57638E-3
-8.61013E-3
-8.28805E-3
-7.96597E-3
-8.28805E-3
-8.61013E-3
-8.61013E-3
-8.61013E-3
-8.61013E-3
-9.25430E-3
-9.25430E-3
-8.61013E-3
-9.25430E-3
-9.57638E-3
-9.25430E-3
-8.93222E-3
-8.28805E-3
-8.93222E-3
-8.61013E-3
-9.25430E-3
-9.25430E-3
-9.25430E-3
-8.61013E-3
-9.25430E-3
-7.96597E-3
-8.28805E-3
-8.28805E-3
-8.93222E-3
-9.25430E-3
-8.61013E-3
-8.28805E-3
-8.28805E-3
-7.96597E-3
-8.93222E-3
-8.61013E-3
-8.61013E-3
-7.32180E-3
-7.32180E-3
-7.32180E-3
-7.96597E-3
-7.96597E-3
-8.28805E-3
-8.28805E-3
-8.61013E-3
-8.61013E-3
-7.96597E-3
-8.28805E-3
-1.15089E-2
-1.11868E-2
-7.32180E-3
-6.03347E-3
-7.32180E-3
-9.25430E-3
-8.93222E-3
-8.61013E-3
-7.32180E-3
-8.28805E-3
-8.93222E-3
-7.96597E-3
-7.64388E-3
-8.28805E-3
-8.61013E-3
-8.28805E-3
-8.93222E-3
-9.25430E-3
-9.25430E-3
-9.25430E-3
-9.57638E-3
-7.96597E-3
-8.28805E-3
-8.28805E-3
-7.96597E-3
-8.28805E-3
-8.93222E-3
-8.61013E-3
-7.96597E-3
-8.28805E-3
-9.25430E-3
-8.93222E-3
-8.28805E-3
-8.28805E-3
-9.25430E-3
-8.61013E-3
-8.93222E-3
-9.25430E-3
-8.93222E-3
-8.28805E-3
-8.93222E-3
-9.25430E-3
-8.28805E-3
-8.28805E-3
-8.93222E-3
-8.28805E-3
-8.61013E-3
-8.61013E-3
-7.96597E-3
-8.93222E-3
-5.38930E-3
-6.67763E-3
-9.57638E-3
-9.57638E-3
-9.57638E-3
-8.28805E-3
-8.61013E-3
-8.61013E-3
-8.93222E-3
-8.93222E-3
-9.25430E-3
-9.25430E-3
-8.28805E-3
-7.96597E-3
-7.96597E-3
-8.61013E-3
-7.96597E-3
-7.96597E-3
-7.96597E-3
-8.28805E-3
-8.28805E-3
-8.28805E-3
-7.96597E-3
-7.96597E-3
-8.61013E-3
-8.61013E-3
-8.61013E-3
-8.93222E-3
-8.61013E-3
-8.93222E-3
-9.25430E-3
-8.61013E-3
-7.96597E-3
-8.61013E-3
-8.28805E-3
-8.61013E-3
-8.28805E-3
-8.28805E-3
-8.93222E-3
-8.28805E-3
-8.61013E-3
-8.61013E-3
-9.25430E-3
-8.28805E-3
-8.93222E-3
-8.93222E-3
-8.93222E-3
-8.61013E-3
-8.61013E-3
-8.28805E-3
-1.27972E-2
-1.15089E-2
-7.32180E-3
-6.03347E-3
-7.64388E-3
-8.93222E-3
-8.93222E-3
-7.96597E-3
-8.28805E-3
-7.96597E-3
-9.25430E-3
-8.28805E-3
-7.64388E-3
-8.28805E-3
-7.96597E-3
-7.96597E-3
-7.64388E-3
-7.32180E-3
-8.93222E-3
-7.96597E-3
-7.96597E-3
-7.96597E-3
-6.67763E-3
-7.96597E-3
-7.96597E-3
-7.96597E-3
-7.64388E-3
-7.64388E-3
-7.64388E-3
-7.96597E-3
-7.96597E-3
-8.28805E-3
-8.61013E-3
-7.96597E-3
-8.61013E-3
-7.96597E-3
-9.25430E-3
-8.28805E-3
-8.28805E-3
-8.61013E-3
-8.93222E-3
-8.28805E-3
-8.28805E-3
-8.28805E-3
-8.93222E-3
-8.61013E-3
-8.61013E-3
-7.96597E-3
-8.61013E-3
-8.93222E-3
-3.77888E-3
-7.32180E-3
-9.89847E-3
-9.25430E-3
-9.25430E-3
-8.28805E-3
-8.61013E-3
-8.61013E-3
-9.25430E-3
-7.96597E-3
-8.28805E-3
-7.96597E-3
-8.61013E-3
-9.25430E-3
-7.64388E-3
-8.61013E-3
-7.96597E-3
