6.83409E+9
4.61120E+8
-3.01685E-1
0.00000E+0
0.00000E+0
0.00000E+0
5.00000E-7
-1.15089E-2
-7.96597E-3
-7.32180E-3
-7.96597E-3
-8.28805E-3
-8.28805E-3
-7.64388E-3
-8.28805E-3
-7.96597E-3
-7.64388E-3
-7.64388E-3
-7.64388E-3
-6.99972E-3
-7.32180E-3
-7.64388E-3
-6.99972E-3
-7.96597E-3
-7.64388E-3
-7.64388E-3
-6.99972E-3
-7.32180E-3
-6.99972E-3
-7.32180E-3
-7.96597E-3
-6.99972E-3
-6.99972E-3
-7.32180E-3
-7.64388E-3
-7.32180E-3
-6.99972E-3
-7.32180E-3
-6.99972E-3
-5.06722E-3
-3.77888E-3
-3.45680E-3
-8.28805E-3
-1.37635E-2
-1.69843E-2
-2.05272E-2
-2.05272E-2
-2.14935E-2
-2.21376E-2
-2.31039E-2
-2.40701E-2
-2.40701E-2
-2.53585E-2
-2.47143E-2
-2.60026E-2
-2.53585E-2
-2.56805E-2
-2.60026E-2
-2.63247E-2
-2.66468E-2
-2.63247E-2
-2.69689E-2
-2.69689E-2
-2.72910E-2
-2.76130E-2
-2.72910E-2
-2.69689E-2
-2.69689E-2
-2.69689E-2
-2.66468E-2
-2.72910E-2
-2.72910E-2
-2.72910E-2
-2.72910E-2
-2.72910E-2
-2.76130E-2
-2.79351E-2
-2.72910E-2
-2.76130E-2
-2.66468E-2
-2.69689E-2
-2.76130E-2
-2.60026E-2
-2.66468E-2
-2.69689E-2
-2.76130E-2
-2.69689E-2
-2.72910E-2
-2.66468E-2
-2.69689E-2
-2.69689E-2
-2.72910E-2
-2.66468E-2
-2.72910E-2
-2.76130E-2
-2.69689E-2
-2.69689E-2
-2.72910E-2
-2.76130E-2
-2.76130E-2
-2.79351E-2
-2.76130E-2
-2.72910E-2
-2.69689E-2
-2.76130E-2
-2.66468E-2
-2.69689E-2
-2.69689E-2
-2.72910E-2
-2.76130E-2
-2.69689E-2
-2.69689E-2
-2.69689E-2
-2.69689E-2
-2.66468E-2
-2.76130E-2
-2.69689E-2
-2.82572E-2
-2.76130E-2
-2.69689E-2
-2.72910E-2
-2.76130E-2
-2.79351E-2
-2.79351E-2
-2.72910E-2
-2.66468E-2
-2.72910E-2
-2.69689E-2
-2.66468E-2
-2.66468E-2
-2.72910E-2
-2.69689E-2
-2.76130E-2
-2.72910E-2
-2.66468E-2
-2.69689E-2
-2.69689E-2
-2.14935E-2
-2.72910E-2
-2.69689E-2
-2.47143E-2
-2.11714E-2
-1.66622E-2
-1.21530E-2
-1.08647E-2
-1.08647E-2
-9.89847E-3
-9.57638E-3
-9.25430E-3
-8.28805E-3
-7.32180E-3
-6.99972E-3
-7.64388E-3
-6.67763E-3
-6.99972E-3
-6.99972E-3
-6.67763E-3
-7.32180E-3
-6.99972E-3
-7.32180E-3
-6.99972E-3
-6.67763E-3
-6.03347E-3
-6.67763E-3
-6.67763E-3
-6.67763E-3
-6.67763E-3
-6.99972E-3
-6.99972E-3
-6.35555E-3
-5.71138E-3
-6.99972E-3
-6.67763E-3
-6.67763E-3
-6.99972E-3
-6.99972E-3
-7.32180E-3
-7.64388E-3
-7.32180E-3
-7.32180E-3
-2.02051E-2
-6.72293E-2
-1.25204E-1
-1.71906E-1
-2.05081E-1
-2.29237E-1
-2.48562E-1
-2.63056E-1
-2.74007E-1
-2.83669E-1
-2.91077E-1
-2.97519E-1
-3.02672E-1
-3.06859E-1
-3.10080E-1
-3.11690E-1
-3.12657E-1
-3.13945E-1
-3.14911E-1
-3.16200E-1
-3.16200E-1
-3.17166E-1
-3.18132E-1
-3.18132E-1
-3.18454E-1
-3.19743E-1
-3.20709E-1
-3.21675E-1
-3.21675E-1
-3.21675E-1
-3.21353E-1
-3.21675E-1
-3.21353E-1
-3.21353E-1
-3.20387E-1
-3.20065E-1
-3.19743E-1
-3.20065E-1
-3.20387E-1
-3.19420E-1
-3.19743E-1
-3.19420E-1
-3.19098E-1
-3.19743E-1
-3.20387E-1
-3.21353E-1
-3.22641E-1
-3.22319E-1
-3.21353E-1
-3.21031E-1
-3.21353E-1
-3.21997E-1
-3.20387E-1
-3.19098E-1
-3.18776E-1
-3.18454E-1
-3.19098E-1
-3.20387E-1
-3.21031E-1
-3.21997E-1
-3.20387E-1
-3.19420E-1
-3.18776E-1
-3.19743E-1
-3.19420E-1
-3.18132E-1
-3.17166E-1
-3.19098E-1
-3.19743E-1
-3.19098E-1
-3.19420E-1
-3.19098E-1
-3.18776E-1
-3.18776E-1
-3.18454E-1
-3.18776E-1
-3.17810E-1
-3.18454E-1
-3.17166E-1
-3.17810E-1
-3.18776E-1
-3.20709E-1
-3.21675E-1
-3.21031E-1
-3.20709E-1
-3.18776E-1
-3.19420E-1
-3.19743E-1
-3.21031E-1
-3.21997E-1
-3.22641E-1
-3.20387E-1
-3.18454E-1
-3.18454E-1
-3.15878E-1
-3.17166E-1
-3.18132E-1
-3.19098E-1
-3.19420E-1
-3.16522E-1
-2.73040E-1
-2.09912E-1
-1.50971E-1
-1.06846E-1
-7.85022E-2
-6.36864E-2
-5.43460E-2
-4.72601E-2
-3.92080E-2
-3.27664E-2
-2.63247E-2
-2.31039E-2
-2.08493E-2
-1.85947E-2
-1.66622E-2
-1.47297E-2
-1.34414E-2
-1.31193E-2
-1.24751E-2
-1.18310E-2
-1.15089E-2
-1.15089E-2
-1.08647E-2
-1.15089E-2
-1.11868E-2
-1.05426E-2
-1.02205E-2
-1.05426E-2
-1.05426E-2
-1.11868E-2
-1.11868E-2
-9.25430E-3
-9.25430E-3
-9.89847E-3
-9.89847E-3
-9.89847E-3
-1.02205E-2
-9.89847E-3
-9.89847E-3
-1.05426E-2
-1.05426E-2
-1.05426E-2
-1.02205E-2
-1.02205E-2
-1.05426E-2
-1.02205E-2
-1.02205E-2
-9.89847E-3
-1.05426E-2
-1.02205E-2
-9.25430E-3
-9.25430E-3
-8.61013E-3
-9.89847E-3
-9.89847E-3
-1.02205E-2
-1.05426E-2
-9.89847E-3
-9.57638E-3
-9.89847E-3
-9.89847E-3
-9.89847E-3
-1.05426E-2
-9.89847E-3
-1.02205E-2
-1.02205E-2
-9.57638E-3
-8.61013E-3
-9.25430E-3
-9.25430E-3
-8.93222E-3
-9.25430E-3
-8.93222E-3
-8.61013E-3
-8.28805E-3
-8.93222E-3
-8.93222E-3
-8.93222E-3
-9.25430E-3
-9.25430E-3
-8.61013E-3
-7.96597E-3
-9.25430E-3
-8.61013E-3
-8.93222E-3
-8.28805E-3
-8.28805E-3
-8.28805E-3
-8.61013E-3
-8.93222E-3
-7.96597E-3
-8.93222E-3
-7.96597E-3
-8.93222E-3
-8.28805E-3
-8.61013E-3
-8.28805E-3
-8.28805E-3
-8.28805E-3
-8.93222E-3
-8.28805E-3
-8.28805E-3
-7.64388E-3
-8.28805E-3
-7.96597E-3
-8.28805E-3
-8.61013E-3
-8.28805E-3
-8.28805E-3
-8.28805E-3
-8.93222E-3
-8.61013E-3
-9.25430E-3
-8.61013E-3
-8.93222E-3
-8.61013E-3
-7.96597E-3
-8.61013E-3
-8.28805E-3
-9.25430E-3
-8.61013E-3
-8.28805E-3
-8.93222E-3
-8.28805E-3
-8.93222E-3
-8.93222E-3
-8.28805E-3
-9.25430E-3
-8.93222E-3
-8.61013E-3
-9.25430E-3
-8.61013E-3
-8.61013E-3
-8.93222E-3
-8.93222E-3
-8.93222E-3
-8.61013E-3
-8.28805E-3
-8.28805E-3
-8.61013E-3
-8.93222E-3
-8.28805E-3
-7.96597E-3
-8.28805E-3
-8.28805E-3
-8.61013E-3
-7.96597E-3
-8.28805E-3
-8.28805E-3
-7.96597E-3
-8.28805E-3
-8.61013E-3
-7.64388E-3
-8.28805E-3
-7.96597E-3
-7.32180E-3
-7.96597E-3
-8.28805E-3
-7.96597E-3
-7.96597E-3
-8.28805E-3
-7.64388E-3
-8.28805E-3
-8.28805E-3
-7.64388E-3
-7.64388E-3
-8.28805E-3
-8.28805E-3
-7.64388E-3
-8.28805E-3
-8.28805E-3
-7.96597E-3
-8.61013E-3
-7.96597E-3
-7.96597E-3
-8.28805E-3
-8.28805E-3
-7.64388E-3
-8.61013E-3
-8.61013E-3
-8.28805E-3
-8.28805E-3
-7.96597E-3
-8.28805E-3
-7.96597E-3
-8.61013E-3
-8.28805E-3
-8.61013E-3
-9.57638E-3
-8.93222E-3
-9.25430E-3
-8.93222E-3
-8.93222E-3
-8.28805E-3
-8.93222E-3
-8.28805E-3
-8.28805E-3
-9.25430E-3
-8.61013E-3
-8.61013E-3
-8.93222E-3
-8.61013E-3
-8.61013E-3
-8.93222E-3
-9.25430E-3
-8.93222E-3
-8.61013E-3
-8.61013E-3
-9.25430E-3
-8.93222E-3
-7.96597E-3
-8.28805E-3
-8.28805E-3
-7.96597E-3
-7.64388E-3
-7.64388E-3
-7.96597E-3
-9.25430E-3
-8.28805E-3
-8.28805E-3
-8.28805E-3
-8.93222E-3
-8.61013E-3
-8.28805E-3
-8.61013E-3
-8.93222E-3
-8.61013E-3
-7.64388E-3
-8.61013E-3
-7.96597E-3
-8.61013E-3
-8.61013E-3
-8.28805E-3
-8.28805E-3
-8.61013E-3
-8.28805E-3
-8.61013E-3
-8.28805E-3
-8.28805E-3
-8.28805E-3
-7.96597E-3
-7.96597E-3
-8.28805E-3
-8.28805E-3
-8.93222E-3
-8.61013E-3
-7.96597E-3
-9.25430E-3
-8.61013E-3
-7.64388E-3
-8.28805E-3
-7.96597E-3
-7.96597E-3
-8.28805E-3
-9.25430E-3
-8.61013E-3
-8.93222E-3
-8.93222E-3
-8.93222E-3
-8.28805E-3
-9.25430E-3
-8.61013E-3
-8.61013E-3
-8.28805E-3
-8.28805E-3
-8.28805E-3
-8.28805E-3
-8.61013E-3
-8.28805E-3
-8.28805E-3
-7.96597E-3
-8.61013E-3
-8.28805E-3
-8.28805E-3
-8.61013E-3
-8.61013E-3
-7.96597E-3
-8.28805E-3
-8.93222E-3
-7.96597E-3
-8.93222E-3
-8.61013E-3
-8.93222E-3
-8.28805E-3
-8.28805E-3
-8.28805E-3
-8.28805E-3
-7.96597E-3
-8.93222E-3
-8.93222E-3
-8.28805E-3
-8.61013E-3
-8.61013E-3
-8.28805E-3
-8.61013E-3
-8.61013E-3
-8.28805E-3
-8.61013E-3
-8.93222E-3
-8.28805E-3
-8.61013E-3
-8.61013E-3
-8.28805E-3
-8.61013E-3
-8.28805E-3
-8.28805E-3
-8.28805E-3
-8.61013E-3
-8.93222E-3
-9.25430E-3
-8.61013E-3
-8.61013E-3
-8.28805E-3
-8.28805E-3
-8.28805E-3
-7.64388E-3
-7.96597E-3
-7.96597E-3
-8.28805E-3
-8.61013E-3
-7.96597E-3
-8.93222E-3
-8.93222E-3
-7.64388E-3
-8.28805E-3
-8.61013E-3
-8.61013E-3
-8.61013E-3
-8.28805E-3
-8.61013E-3
-8.61013E-3
-8.61013E-3
-8.93222E-3
-8.28805E-3
-8.61013E-3
-8.61013E-3
-9.25430E-3
