6.83445E+9
4.61480E+8
-3.81694E-1
0.00000E+0
0.00000E+0
0.00000E+0
5.00000E-7
-1.05426E-2
-7.96597E-3
-7.96597E-3
-7.64388E-3
-7.96597E-3
-9.25430E-3
-8.61013E-3
-8.61013E-3
-8.93222E-3
-9.25430E-3
-8.93222E-3
-8.61013E-3
-7.96597E-3
-7.64388E-3
-7.64388E-3
-7.96597E-3
-7.64388E-3
-8.28805E-3
-8.28805E-3
-7.32180E-3
-9.25430E-3
-7.96597E-3
-8.28805E-3
-7.64388E-3
-8.28805E-3
-8.28805E-3
-7.96597E-3
-7.64388E-3
-7.96597E-3
-7.96597E-3
-8.28805E-3
-7.64388E-3
-5.71138E-3
-4.42305E-3
-7.96597E-3
-1.79505E-2
-2.89014E-2
-3.63093E-2
-3.98522E-2
-4.08185E-2
-4.24289E-2
-4.37172E-2
-4.56497E-2
-4.69380E-2
-4.79043E-2
-4.82264E-2
-4.88705E-2
-4.88705E-2
-4.98368E-2
-4.98368E-2
-5.04810E-2
-5.04810E-2
-5.11251E-2
-5.08030E-2
-5.04810E-2
-5.08030E-2
-5.04810E-2
-5.08030E-2
-5.11251E-2
-5.17693E-2
-5.14472E-2
-5.11251E-2
-5.11251E-2
-5.11251E-2
-5.14472E-2
-5.08030E-2
-5.04810E-2
-5.11251E-2
-5.08030E-2
-5.01589E-2
-4.98368E-2
-5.01589E-2
-4.95147E-2
-5.11251E-2
-5.08030E-2
-4.98368E-2
-4.98368E-2
-5.01589E-2
-5.01589E-2
-5.01589E-2
-5.08030E-2
-5.01589E-2
-5.04810E-2
-5.04810E-2
-4.98368E-2
-4.98368E-2
-4.98368E-2
-4.98368E-2
-5.04810E-2
-5.01589E-2
-5.01589E-2
-5.01589E-2
-5.04810E-2
-5.01589E-2
-5.04810E-2
-4.98368E-2
-4.98368E-2
-4.98368E-2
-4.98368E-2
-5.01589E-2
-4.98368E-2
-4.91926E-2
-4.95147E-2
-4.91926E-2
-4.88705E-2
-4.88705E-2
-4.95147E-2
-4.91926E-2
-4.98368E-2
-4.91926E-2
-4.98368E-2
-4.91926E-2
-4.95147E-2
-4.95147E-2
-4.95147E-2
-4.85485E-2
-4.91926E-2
-4.85485E-2
-4.91926E-2
-4.85485E-2
-4.88705E-2
-4.82264E-2
-4.85485E-2
-4.88705E-2
-4.85485E-2
-4.85485E-2
-4.85485E-2
-4.82264E-2
-4.88705E-2
-4.85485E-2
-4.40393E-2
-4.88705E-2
-4.85485E-2
-4.50055E-2
-3.50210E-2
-2.63247E-2
-1.92389E-2
-1.50518E-2
-1.37635E-2
-1.27972E-2
-1.31193E-2
-1.05426E-2
-9.25430E-3
-8.61013E-3
-9.25430E-3
-8.61013E-3
-8.28805E-3
-8.28805E-3
-7.64388E-3
-6.99972E-3
-7.32180E-3
-7.64388E-3
-6.99972E-3
-6.99972E-3
-6.99972E-3
-6.99972E-3
-7.96597E-3
-7.64388E-3
-6.99972E-3
-6.99972E-3
-6.99972E-3
-6.99972E-3
-6.67763E-3
-6.35555E-3
-6.67763E-3
-6.35555E-3
-6.67763E-3
-6.67763E-3
-6.03347E-3
-6.35555E-3
-7.32180E-3
-6.99972E-3
-6.67763E-3
-2.53585E-2
-8.78426E-2
-1.57413E-1
-2.15388E-1
-2.58869E-1
-2.91721E-1
-3.14589E-1
-3.31015E-1
-3.43577E-1
-3.52917E-1
-3.62902E-1
-3.71276E-1
-3.78362E-1
-3.84481E-1
-3.88024E-1
-3.90601E-1
-3.90601E-1
-3.93178E-1
-3.93178E-1
-3.95110E-1
-3.96398E-1
-3.95110E-1
-3.95432E-1
-3.95754E-1
-3.96398E-1
-3.98331E-1
-3.98009E-1
-3.98975E-1
-3.99941E-1
-4.00908E-1
-4.01552E-1
-3.99941E-1
-4.00263E-1
-4.00263E-1
-3.99941E-1
-3.98975E-1
-3.98975E-1
-4.00263E-1
-3.99297E-1
-3.99941E-1
-4.01552E-1
-4.00908E-1
-4.01874E-1
-4.01874E-1
-3.99941E-1
-3.98975E-1
-3.98653E-1
-4.00908E-1
-4.01552E-1
-4.02518E-1
-4.01552E-1
-3.99619E-1
-3.98653E-1
-3.98331E-1
-3.98331E-1
-3.97365E-1
-3.98331E-1
-3.99619E-1
-3.98653E-1
-3.98331E-1
-3.98653E-1
-3.98331E-1
-3.98653E-1
-3.98653E-1
-3.99297E-1
-3.99297E-1
-3.99297E-1
-4.01552E-1
-4.01552E-1
-4.02518E-1
-4.01552E-1
-4.02840E-1
-4.02518E-1
-4.02518E-1
-4.02840E-1
-4.01230E-1
-4.01552E-1
-4.01552E-1
-4.02518E-1
-4.01874E-1
-3.99619E-1
-3.99941E-1
-4.00585E-1
-4.00908E-1
-4.00263E-1
-4.00585E-1
-4.00263E-1
-4.01874E-1
-4.00908E-1
-3.99619E-1
-3.99297E-1
-4.00263E-1
-4.01552E-1
-4.01552E-1
-4.01230E-1
-4.00263E-1
-4.00585E-1
-3.99297E-1
-4.00585E-1
-3.94788E-1
-3.36813E-1
-2.58869E-1
-1.87366E-1
-1.32290E-1
-9.62168E-2
-7.78580E-2
-6.62630E-2
-5.56343E-2
-4.66160E-2
-3.79197E-2
-3.08339E-2
-2.66468E-2
-2.34260E-2
-2.08493E-2
-1.92389E-2
-1.79505E-2
-1.60180E-2
-1.53739E-2
-1.44076E-2
-1.37635E-2
-1.34414E-2
-1.27972E-2
-1.27972E-2
-1.24751E-2
-1.21530E-2
-1.24751E-2
-1.21530E-2
-1.15089E-2
-1.18310E-2
-1.18310E-2
-1.11868E-2
-1.11868E-2
-1.18310E-2
-1.18310E-2
-1.15089E-2
-1.21530E-2
-1.11868E-2
-1.15089E-2
-1.11868E-2
-1.08647E-2
-1.11868E-2
-1.11868E-2
-1.11868E-2
-1.08647E-2
-1.08647E-2
-9.57638E-3
-1.02205E-2
-1.02205E-2
-1.02205E-2
-1.02205E-2
-9.89847E-3
-9.25430E-3
-9.89847E-3
-9.89847E-3
-1.08647E-2
-9.57638E-3
-1.02205E-2
-1.02205E-2
-9.89847E-3
-9.57638E-3
-9.57638E-3
-1.02205E-2
-9.89847E-3
-9.57638E-3
-9.89847E-3
-9.89847E-3
-1.05426E-2
-9.89847E-3
-1.08647E-2
-9.57638E-3
-9.57638E-3
-9.25430E-3
-9.25430E-3
-9.25430E-3
-9.25430E-3
-8.93222E-3
-9.25430E-3
-8.28805E-3
-8.28805E-3
-8.93222E-3
-9.25430E-3
-8.61013E-3
-8.61013E-3
-8.93222E-3
-8.28805E-3
-8.93222E-3
-9.57638E-3
-8.93222E-3
-8.93222E-3
-8.61013E-3
-9.25430E-3
-8.28805E-3
-9.57638E-3
-9.25430E-3
-8.93222E-3
-9.25430E-3
-8.93222E-3
-8.61013E-3
-9.25430E-3
-8.93222E-3
-8.93222E-3
-8.93222E-3
-9.57638E-3
-8.93222E-3
-9.57638E-3
-8.61013E-3
-9.57638E-3
-9.89847E-3
-9.89847E-3
-8.93222E-3
-8.93222E-3
-9.89847E-3
-9.57638E-3
-8.93222E-3
-9.25430E-3
-9.89847E-3
-9.57638E-3
-9.25430E-3
-9.57638E-3
-8.93222E-3
-8.61013E-3
-8.61013E-3
-8.61013E-3
-8.93222E-3
-8.61013E-3
-8.61013E-3
-8.61013E-3
-8.93222E-3
-7.64388E-3
-8.61013E-3
-8.28805E-3
-9.25430E-3
-8.61013E-3
-8.93222E-3
-8.61013E-3
-7.96597E-3
-8.28805E-3
-8.28805E-3
-8.28805E-3
-8.93222E-3
-8.61013E-3
-8.61013E-3
-8.93222E-3
-8.61013E-3
-8.93222E-3
-8.93222E-3
-9.25430E-3
-8.93222E-3
-8.61013E-3
-8.61013E-3
-8.28805E-3
-8.61013E-3
-7.64388E-3
-7.64388E-3
-8.28805E-3
-7.64388E-3
-7.96597E-3
-7.96597E-3
-7.64388E-3
-8.28805E-3
-8.28805E-3
-9.25430E-3
-8.28805E-3
-8.61013E-3
-8.61013E-3
-8.61013E-3
-8.93222E-3
-8.61013E-3
-8.93222E-3
-8.61013E-3
-8.61013E-3
-8.28805E-3
-9.25430E-3
-8.28805E-3
-8.61013E-3
-7.64388E-3
-7.64388E-3
-7.96597E-3
-8.61013E-3
-8.28805E-3
-9.25430E-3
-8.93222E-3
-9.57638E-3
-8.61013E-3
-9.25430E-3
-8.61013E-3
-8.61013E-3
-8.93222E-3
-8.28805E-3
-7.96597E-3
-8.93222E-3
-9.25430E-3
-8.61013E-3
-8.61013E-3
-8.28805E-3
-8.61013E-3
-8.93222E-3
-9.25430E-3
-8.93222E-3
-8.28805E-3
-8.28805E-3
-8.28805E-3
-8.61013E-3
-8.28805E-3
-8.28805E-3
-8.28805E-3
-8.28805E-3
-7.64388E-3
-8.28805E-3
-8.61013E-3
-8.28805E-3
-8.28805E-3
-8.61013E-3
-7.96597E-3
-8.28805E-3
-8.28805E-3
-8.61013E-3
-8.28805E-3
-7.96597E-3
-7.96597E-3
-8.28805E-3
-7.96597E-3
-8.61013E-3
-8.28805E-3
-7.96597E-3
-8.61013E-3
-7.64388E-3
-8.28805E-3
-7.32180E-3
-8.93222E-3
-8.61013E-3
-8.61013E-3
-8.61013E-3
-7.96597E-3
-8.61013E-3
-7.96597E-3
-8.93222E-3
-9.25430E-3
-8.61013E-3
-8.61013E-3
-8.93222E-3
-8.61013E-3
-8.93222E-3
-9.25430E-3
-7.96597E-3
-8.61013E-3
-8.93222E-3
-8.93222E-3
-7.96597E-3
-8.61013E-3
-8.61013E-3
-8.61013E-3
-8.28805E-3
-8.28805E-3
-8.61013E-3
-8.28805E-3
-7.96597E-3
-8.93222E-3
-8.61013E-3
-7.96597E-3
-8.28805E-3
-8.61013E-3
-9.25430E-3
-9.25430E-3
-9.25430E-3
-9.25430E-3
-9.25430E-3
-8.61013E-3
-9.25430E-3
-9.57638E-3
-9.25430E-3
-9.25430E-3
-9.25430E-3
-9.57638E-3
-8.28805E-3
-9.25430E-3
-8.61013E-3
-8.93222E-3
-9.89847E-3
-9.25430E-3
-9.25430E-3
-9.25430E-3
-9.25430E-3
-8.61013E-3
-8.61013E-3
-8.61013E-3
-8.61013E-3
-8.28805E-3
-7.64388E-3
-8.61013E-3
-7.96597E-3
-8.93222E-3
-8.61013E-3
-8.93222E-3
-9.25430E-3
-8.61013E-3
-8.61013E-3
-9.25430E-3
-7.96597E-3
-9.25430E-3
-7.96597E-3
-8.61013E-3
-7.64388E-3
-7.96597E-3
-7.96597E-3
-7.96597E-3
-7.64388E-3
-7.32180E-3
-7.96597E-3
-7.96597E-3
-8.61013E-3
-7.96597E-3
-8.28805E-3
-7.96597E-3
-7.96597E-3
-8.61013E-3
-7.96597E-3
-8.61013E-3
-8.61013E-3
-8.93222E-3
-8.93222E-3
-8.61013E-3
-8.61013E-3
-8.61013E-3
-8.61013E-3
-8.61013E-3
-7.96597E-3
-8.61013E-3
-8.28805E-3
-8.28805E-3
-8.61013E-3
-7.64388E-3
-8.61013E-3
-8.61013E-3
-8.93222E-3
-8.93222E-3
-8.93222E-3
