6.83475E+9
4.61780E+8
-3.68541E-1
0.00000E+0
0.00000E+0
0.00000E+0
5.00000E-7
-1.18310E-2
-8.28805E-3
-8.61013E-3
-8.28805E-3
-8.28805E-3
-8.93222E-3
-8.61013E-3
-7.96597E-3
-8.28805E-3
-8.28805E-3
-8.61013E-3
-8.61013E-3
-9.25430E-3
-9.25430E-3
-8.93222E-3
-9.25430E-3
-8.61013E-3
-8.28805E-3
-8.28805E-3
-1.15089E-2
-1.56960E-2
-8.61013E-3
-5.38930E-3
-6.99972E-3
-7.96597E-3
-9.25430E-3
-8.61013E-3
-7.64388E-3
-7.96597E-3
-8.61013E-3
-9.25430E-3
-6.67763E-3
-5.71138E-3
-3.77888E-3
-5.06722E-3
-8.28805E-3
-1.40855E-2
-1.79505E-2
-2.02051E-2
-2.11714E-2
-2.14935E-2
-2.24597E-2
-2.27818E-2
-2.47143E-2
-2.37480E-2
-2.43922E-2
-2.53585E-2
-2.43922E-2
-2.53585E-2
-2.56805E-2
-2.50364E-2
-2.60026E-2
-2.50364E-2
-2.60026E-2
-2.53585E-2
-2.63247E-2
-2.66468E-2
-2.63247E-2
-2.56805E-2
-2.63247E-2
-2.63247E-2
-2.63247E-2
-2.66468E-2
-2.66468E-2
-2.63247E-2
-2.69689E-2
-2.72910E-2
-2.79351E-2
-2.69689E-2
-2.69689E-2
-2.53585E-2
-2.69689E-2
-2.79351E-2
-2.72910E-2
-2.92235E-2
-2.85793E-2
-2.69689E-2
-2.56805E-2
-2.69689E-2
-2.76130E-2
-2.79351E-2
-2.69689E-2
-2.63247E-2
-2.72910E-2
-2.76130E-2
-2.69689E-2
-2.69689E-2
-2.72910E-2
-2.63247E-2
-2.69689E-2
-2.63247E-2
-2.69689E-2
-2.72910E-2
-2.72910E-2
-2.66468E-2
-2.72910E-2
-2.76130E-2
-2.63247E-2
-2.69689E-2
-2.69689E-2
-2.72910E-2
-2.79351E-2
-2.82572E-2
-2.72910E-2
-2.82572E-2
-2.72910E-2
-2.69689E-2
-2.76130E-2
-2.66468E-2
-2.76130E-2
-2.69689E-2
-2.66468E-2
-2.66468E-2
-2.66468E-2
-2.69689E-2
-2.63247E-2
-2.69689E-2
-2.63247E-2
-2.63247E-2
-3.01897E-2
-3.56651E-2
-2.79351E-2
-2.37480E-2
-2.50364E-2
-2.63247E-2
-2.76130E-2
-2.72910E-2
-2.56805E-2
-2.63247E-2
-2.66468E-2
-2.24597E-2
-2.66468E-2
-2.76130E-2
-2.53585E-2
-2.08493E-2
-1.66622E-2
-1.27972E-2
-1.08647E-2
-9.89847E-3
-9.89847E-3
-9.57638E-3
-8.61013E-3
-7.96597E-3
-7.96597E-3
-6.99972E-3
-7.64388E-3
-8.28805E-3
-6.67763E-3
-7.32180E-3
-7.64388E-3
-8.28805E-3
-7.32180E-3
-7.32180E-3
-7.96597E-3
-7.64388E-3
-7.32180E-3
-6.99972E-3
-7.96597E-3
-7.96597E-3
-7.64388E-3
-8.93222E-3
-8.28805E-3
-7.64388E-3
-7.32180E-3
-8.28805E-3
-7.64388E-3
-6.99972E-3
-7.64388E-3
-6.99972E-3
-7.64388E-3
-4.74513E-3
-5.71138E-3
-7.32180E-3
-2.27818E-2
-8.17230E-2
-1.48716E-1
-2.01216E-1
-2.43087E-1
-2.75295E-1
-3.00740E-1
-3.21031E-1
-3.36491E-1
-3.47442E-1
-3.55172E-1
-3.61291E-1
-3.67411E-1
-3.70954E-1
-3.74497E-1
-3.74819E-1
-3.75785E-1
-3.78684E-1
-3.78684E-1
-3.80616E-1
-3.80938E-1
-3.81905E-1
-3.82871E-1
-3.84159E-1
-3.84803E-1
-3.84481E-1
-3.85770E-1
-3.88346E-1
-3.87380E-1
-3.87058E-1
-3.86414E-1
-3.86414E-1
-3.86736E-1
-3.87058E-1
-3.87380E-1
-3.87058E-1
-3.87702E-1
-3.88668E-1
-3.88668E-1
-3.89313E-1
-3.89635E-1
-3.89957E-1
-3.88668E-1
-3.87702E-1
-3.86414E-1
-3.85770E-1
-3.88346E-1
-3.93500E-1
-3.86092E-1
-3.81905E-1
-3.85125E-1
-3.86736E-1
-3.88024E-1
-3.87058E-1
-3.86736E-1
-3.86736E-1
-3.88346E-1
-3.88346E-1
-3.87058E-1
-3.87380E-1
-3.87702E-1
-3.87380E-1
-3.88990E-1
-3.88668E-1
-3.88346E-1
-3.87380E-1
-3.87058E-1
-3.87058E-1
-3.85125E-1
-3.86092E-1
-3.87380E-1
-3.88668E-1
-3.88346E-1
-3.87380E-1
-3.86414E-1
-3.88024E-1
-3.87380E-1
-3.87058E-1
-3.85125E-1
-3.85770E-1
-3.86736E-1
-3.86092E-1
-3.85770E-1
-3.84481E-1
-3.85770E-1
-3.86092E-1
-3.87702E-1
-3.87702E-1
-3.88668E-1
-3.89957E-1
-3.88990E-1
-3.89957E-1
-3.89635E-1
-3.88346E-1
-3.87380E-1
-3.85770E-1
-3.84481E-1
-3.83193E-1
-3.87058E-1
-3.81260E-1
-3.26184E-1
-2.51461E-1
-1.81891E-1
-1.27137E-1
-9.26739E-2
-7.56034E-2
-6.46526E-2
-5.49901E-2
-4.50055E-2
-3.66314E-2
-3.08339E-2
-2.63247E-2
-2.34260E-2
-2.11714E-2
-1.85947E-2
-1.69843E-2
-1.56960E-2
-1.40855E-2
-1.31193E-2
-1.31193E-2
-1.27972E-2
-1.31193E-2
-1.24751E-2
-1.21530E-2
-1.15089E-2
-1.18310E-2
-1.11868E-2
-1.21530E-2
-1.21530E-2
-1.11868E-2
-1.15089E-2
-1.05426E-2
-1.08647E-2
-1.11868E-2
-1.15089E-2
-1.08647E-2
-1.02205E-2
-1.11868E-2
-1.11868E-2
-1.05426E-2
-9.89847E-3
-9.57638E-3
-1.08647E-2
-9.57638E-3
-9.89847E-3
-9.57638E-3
-1.24751E-2
-1.60180E-2
-1.05426E-2
-7.32180E-3
-8.93222E-3
-1.05426E-2
-1.05426E-2
-1.02205E-2
-9.57638E-3
-9.57638E-3
-1.05426E-2
-9.25430E-3
-8.93222E-3
-8.93222E-3
-9.25430E-3
-8.61013E-3
-9.25430E-3
-8.93222E-3
-9.89847E-3
-9.57638E-3
-9.57638E-3
-9.89847E-3
-9.25430E-3
-8.61013E-3
-9.57638E-3
-9.57638E-3
-8.93222E-3
-9.25430E-3
-9.57638E-3
-9.25430E-3
-8.93222E-3
-9.25430E-3
-9.25430E-3
-8.93222E-3
-8.93222E-3
-8.61013E-3
-7.96597E-3
-8.93222E-3
-9.25430E-3
-8.28805E-3
-9.89847E-3
-9.25430E-3
-8.61013E-3
-8.61013E-3
-8.93222E-3
-8.61013E-3
-9.25430E-3
-8.61013E-3
-8.93222E-3
-9.25430E-3
-8.93222E-3
-7.32180E-3
-8.61013E-3
-9.89847E-3
-9.89847E-3
-1.02205E-2
-1.05426E-2
-9.25430E-3
-8.61013E-3
-9.25430E-3
-1.05426E-2
-9.25430E-3
-9.25430E-3
-9.25430E-3
-8.93222E-3
-8.28805E-3
-8.93222E-3
-8.93222E-3
-8.61013E-3
-9.25430E-3
-9.25430E-3
-8.93222E-3
-7.96597E-3
-8.28805E-3
-7.96597E-3
-7.96597E-3
-8.61013E-3
-7.96597E-3
-8.28805E-3
-8.28805E-3
-8.28805E-3
-8.28805E-3
-8.28805E-3
-8.61013E-3
-8.28805E-3
-8.61013E-3
-8.28805E-3
-7.96597E-3
-7.96597E-3
-7.96597E-3
-8.28805E-3
-7.96597E-3
-8.61013E-3
-8.28805E-3
-7.96597E-3
-8.61013E-3
-8.61013E-3
-8.28805E-3
-8.28805E-3
-7.96597E-3
-1.08647E-2
-1.53739E-2
-8.28805E-3
-5.38930E-3
-6.03347E-3
-7.64388E-3
-8.61013E-3
-7.96597E-3
-7.96597E-3
-7.32180E-3
-9.25430E-3
-8.28805E-3
-8.93222E-3
-8.28805E-3
-8.28805E-3
-8.28805E-3
-8.28805E-3
-8.28805E-3
-8.61013E-3
-7.64388E-3
-7.64388E-3
-7.96597E-3
-7.96597E-3
-8.28805E-3
-7.64388E-3
-7.32180E-3
-7.64388E-3
-7.96597E-3
-8.28805E-3
-8.28805E-3
-8.28805E-3
-8.28805E-3
-8.28805E-3
-8.61013E-3
-8.28805E-3
-8.28805E-3
-8.61013E-3
-8.28805E-3
-8.61013E-3
-7.64388E-3
-7.96597E-3
-8.28805E-3
-8.28805E-3
-7.96597E-3
-8.93222E-3
-7.96597E-3
-8.28805E-3
-7.96597E-3
-8.28805E-3
-8.28805E-3
-8.61013E-3
-6.67763E-3
-6.67763E-3
-8.61013E-3
-9.57638E-3
-1.02205E-2
-9.89847E-3
-8.28805E-3
-7.96597E-3
-9.25430E-3
-9.25430E-3
-8.28805E-3
-7.96597E-3
-7.32180E-3
-9.57638E-3
-9.25430E-3
-8.93222E-3
-7.96597E-3
-8.28805E-3
-8.61013E-3
-9.25430E-3
-9.25430E-3
-8.93222E-3
-8.61013E-3
-8.93222E-3
-8.28805E-3
-8.28805E-3
-8.28805E-3
-7.64388E-3
-8.61013E-3
-8.61013E-3
-8.61013E-3
-8.61013E-3
-8.28805E-3
-8.61013E-3
-8.93222E-3
-8.93222E-3
-8.61013E-3
-8.28805E-3
-8.61013E-3
-8.61013E-3
-7.64388E-3
-7.96597E-3
-8.61013E-3
-8.61013E-3
-8.28805E-3
-7.96597E-3
-8.28805E-3
-7.96597E-3
-7.96597E-3
-1.08647E-2
-1.53739E-2
-8.93222E-3
-5.06722E-3
-6.03347E-3
-8.28805E-3
-8.61013E-3
-7.32180E-3
-7.64388E-3
-7.64388E-3
-8.28805E-3
-8.61013E-3
-7.32180E-3
-8.28805E-3
-7.96597E-3
-8.61013E-3
-7.96597E-3
-8.61013E-3
-7.96597E-3
-7.64388E-3
-8.28805E-3
-8.61013E-3
-7.96597E-3
-8.93222E-3
-8.93222E-3
-8.93222E-3
-8.61013E-3
-8.28805E-3
-8.61013E-3
-8.61013E-3
-7.96597E-3
-8.28805E-3
-8.61013E-3
-8.28805E-3
-8.28805E-3
-7.96597E-3
-8.28805E-3
-8.28805E-3
-8.93222E-3
-8.28805E-3
-8.28805E-3
-8.28805E-3
-8.28805E-3
-8.93222E-3
-7.64388E-3
-7.96597E-3
-7.64388E-3
-7.96597E-3
-8.93222E-3
-7.96597E-3
-8.28805E-3
-6.03347E-3
-6.67763E-3
-7.64388E-3
-8.61013E-3
-1.02205E-2
-9.89847E-3
-8.28805E-3
-7.96597E-3
-8.28805E-3
-8.93222E-3
-8.93222E-3
-8.28805E-3
-8.28805E-3
-8.28805E-3
-8.61013E-3
-9.57638E-3
-8.93222E-3
-8.28805E-3
-8.28805E-3
-8.61013E-3
-8.28805E-3
-8.61013E-3
-8.61013E-3
-8.61013E-3
-8.61013E-3
-8.93222E-3
-8.93222E-3
-9.25430E-3
-9.25430E-3
-8.93222E-3
-8.93222E-3
-8.61013E-3
-9.25430E-3
-9.25430E-3
-9.25430E-3
-8.61013E-3
-8.28805E-3
-7.96597E-3
-9.25430E-3
-9.25430E-3
