6.83462E+9
4.61650E+8
-3.78976E-1
0.00000E+0
0.00000E+0
0.00000E+0
5.00000E-7
-1.15089E-2
-7.96597E-3
-7.64388E-3
-7.96597E-3
-8.28805E-3
-8.61013E-3
-8.28805E-3
-8.61013E-3
-8.28805E-3
-8.28805E-3
-8.61013E-3
-7.96597E-3
-7.96597E-3
-8.61013E-3
-8.61013E-3
-8.28805E-3
-8.61013E-3
-8.28805E-3
-8.28805E-3
-3.45680E-3
-6.67763E-3
-8.28805E-3
-9.25430E-3
-8.93222E-3
-9.89847E-3
-9.25430E-3
-9.25430E-3
-8.61013E-3
-8.28805E-3
-9.25430E-3
-9.25430E-3
-7.96597E-3
-6.03347E-3
-4.74513E-3
-5.38930E-3
-9.57638E-3
-1.53739E-2
-1.85947E-2
-2.14935E-2
-2.14935E-2
-2.24597E-2
-2.27818E-2
-2.40701E-2
-2.47143E-2
-2.60026E-2
-2.43922E-2
-2.60026E-2
-2.60026E-2
-2.63247E-2
-2.66468E-2
-2.69689E-2
-2.69689E-2
-2.69689E-2
-2.76130E-2
-2.69689E-2
-2.76130E-2
-2.72910E-2
-2.72910E-2
-2.79351E-2
-2.69689E-2
-2.72910E-2
-2.76130E-2
-2.82572E-2
-2.79351E-2
-2.82572E-2
-2.82572E-2
-2.85793E-2
-2.82572E-2
-2.92235E-2
-3.37326E-2
-3.08339E-2
-2.69689E-2
-2.82572E-2
-2.69689E-2
-2.82572E-2
-2.76130E-2
-2.76130E-2
-2.76130E-2
-2.79351E-2
-2.85793E-2
-2.85793E-2
-2.79351E-2
-2.85793E-2
-2.85793E-2
-2.89014E-2
-2.72910E-2
-2.82572E-2
-2.79351E-2
-2.79351E-2
-2.82572E-2
-2.92235E-2
-2.82572E-2
-2.92235E-2
-2.85793E-2
-2.92235E-2
-2.89014E-2
-2.85793E-2
-2.89014E-2
-2.82572E-2
-2.89014E-2
-2.85793E-2
-2.89014E-2
-2.85793E-2
-2.85793E-2
-2.85793E-2
-2.89014E-2
-2.82572E-2
-2.85793E-2
-2.82572E-2
-2.79351E-2
-2.82572E-2
-2.85793E-2
-2.82572E-2
-2.82572E-2
-2.72910E-2
-2.82572E-2
-2.76130E-2
-2.82572E-2
-2.82572E-2
-2.24597E-2
-2.53585E-2
-2.85793E-2
-2.82572E-2
-2.89014E-2
-2.82572E-2
-2.79351E-2
-2.79351E-2
-2.82572E-2
-2.82572E-2
-2.82572E-2
-2.40701E-2
-2.98676E-2
-2.85793E-2
-2.66468E-2
-2.18155E-2
-1.73064E-2
-1.34414E-2
-1.18310E-2
-1.05426E-2
-9.89847E-3
-1.05426E-2
-9.25430E-3
-9.25430E-3
-8.61013E-3
-8.93222E-3
-8.61013E-3
-7.32180E-3
-7.64388E-3
-7.32180E-3
-7.64388E-3
-6.67763E-3
-7.32180E-3
-7.32180E-3
-6.67763E-3
-7.32180E-3
-7.96597E-3
-7.32180E-3
-6.99972E-3
-7.96597E-3
-7.64388E-3
-7.32180E-3
-6.99972E-3
-6.67763E-3
-6.67763E-3
-7.32180E-3
-7.32180E-3
-6.03347E-3
-7.32180E-3
-6.67763E-3
-1.21530E-2
-1.02205E-2
-5.06722E-3
-6.99972E-3
-2.14935E-2
-8.46218E-2
-1.54836E-1
-2.11845E-1
-2.53715E-1
-2.83991E-1
-3.09758E-1
-3.29405E-1
-3.44221E-1
-3.55816E-1
-3.63546E-1
-3.69665E-1
-3.75785E-1
-3.80294E-1
-3.82871E-1
-3.85770E-1
-3.87380E-1
-3.90601E-1
-3.92533E-1
-3.96076E-1
-3.97687E-1
-3.97365E-1
-3.95754E-1
-3.95110E-1
-3.95754E-1
-3.95754E-1
-3.96076E-1
-3.95754E-1
-3.95110E-1
-3.95754E-1
-3.96720E-1
-3.97365E-1
-3.98331E-1
-3.98331E-1
-3.97687E-1
-3.97365E-1
-3.98331E-1
-3.98653E-1
-3.98975E-1
-3.99619E-1
-4.00263E-1
-4.00585E-1
-3.99941E-1
-3.98331E-1
-3.98653E-1
-3.99297E-1
-3.92855E-1
-3.98009E-1
-3.99941E-1
-3.97687E-1
-3.98653E-1
-3.96398E-1
-3.95432E-1
-3.95110E-1
-3.96398E-1
-3.98331E-1
-3.98331E-1
-3.97365E-1
-3.96720E-1
-3.98009E-1
-3.98331E-1
-3.98009E-1
-3.96720E-1
-3.96398E-1
-3.96720E-1
-3.97043E-1
-3.96720E-1
-3.96076E-1
-3.96076E-1
-3.97043E-1
-3.96398E-1
-3.95754E-1
-3.95754E-1
-3.96720E-1
-3.97687E-1
-3.98009E-1
-3.96720E-1
-3.98009E-1
-3.98331E-1
-3.97365E-1
-3.95754E-1
-3.95110E-1
-3.96720E-1
-3.97365E-1
-3.97687E-1
-3.97687E-1
-3.96398E-1
-3.97687E-1
-3.95432E-1
-3.96076E-1
-3.96076E-1
-3.93822E-1
-3.97043E-1
-3.98009E-1
-3.99941E-1
-3.99941E-1
-4.07027E-1
-4.02196E-1
-3.97687E-1
-3.92533E-1
-3.33592E-1
-2.56292E-1
-1.85112E-1
-1.31324E-1
-9.65389E-2
-7.75359E-2
-6.62630E-2
-5.59564E-2
-4.59718E-2
-3.75976E-2
-3.11560E-2
-2.69689E-2
-2.34260E-2
-2.14935E-2
-1.85947E-2
-1.76285E-2
-1.60180E-2
-1.44076E-2
-1.40855E-2
-1.37635E-2
-1.31193E-2
-1.27972E-2
-1.31193E-2
-1.18310E-2
-1.21530E-2
-1.18310E-2
-1.15089E-2
-1.15089E-2
-1.11868E-2
-1.15089E-2
-1.18310E-2
-1.18310E-2
-1.18310E-2
-1.18310E-2
-1.11868E-2
-1.08647E-2
-1.11868E-2
-1.15089E-2
-1.05426E-2
-1.08647E-2
-1.05426E-2
-1.02205E-2
-1.11868E-2
-1.08647E-2
-1.08647E-2
-1.05426E-2
-4.10097E-3
-7.96597E-3
-1.08647E-2
-1.11868E-2
-1.18310E-2
-1.08647E-2
-1.11868E-2
-1.05426E-2
-1.08647E-2
-1.08647E-2
-1.05426E-2
-9.89847E-3
-1.02205E-2
-9.89847E-3
-9.89847E-3
-1.02205E-2
-9.89847E-3
-9.25430E-3
-9.89847E-3
-9.57638E-3
-9.89847E-3
-9.57638E-3
-9.57638E-3
-9.25430E-3
-9.57638E-3
-9.57638E-3
-9.57638E-3
-9.57638E-3
-9.25430E-3
-8.93222E-3
-9.57638E-3
-9.89847E-3
-8.93222E-3
-9.89847E-3
-9.57638E-3
-9.57638E-3
-8.93222E-3
-9.25430E-3
-9.25430E-3
-8.93222E-3
-9.25430E-3
-9.57638E-3
-9.25430E-3
-8.93222E-3
-9.57638E-3
-9.25430E-3
-8.93222E-3
-8.93222E-3
-8.28805E-3
-9.25430E-3
-1.50518E-2
-1.15089E-2
-7.32180E-3
-8.61013E-3
-8.61013E-3
-8.28805E-3
-8.61013E-3
-8.61013E-3
-8.93222E-3
-8.61013E-3
-9.57638E-3
-8.28805E-3
-9.25430E-3
-9.25430E-3
-8.61013E-3
-8.61013E-3
-8.93222E-3
-8.93222E-3
-9.25430E-3
-9.25430E-3
-9.25430E-3
-9.25430E-3
-1.02205E-2
-9.57638E-3
-8.93222E-3
-8.61013E-3
-9.57638E-3
-9.57638E-3
-9.25430E-3
-9.57638E-3
-8.61013E-3
-8.93222E-3
-8.61013E-3
-9.25430E-3
-9.25430E-3
-9.25430E-3
-8.61013E-3
-8.93222E-3
-9.25430E-3
-8.93222E-3
-9.25430E-3
-9.25430E-3
-9.57638E-3
-8.61013E-3
-9.25430E-3
-8.93222E-3
-9.57638E-3
-8.61013E-3
-8.61013E-3
-7.96597E-3
-3.13472E-3
-6.03347E-3
-9.57638E-3
-9.57638E-3
-1.05426E-2
-9.57638E-3
-9.89847E-3
-9.25430E-3
-8.61013E-3
-9.25430E-3
-9.25430E-3
-9.57638E-3
-9.57638E-3
-9.25430E-3
-8.61013E-3
-9.25430E-3
-9.25430E-3
-8.61013E-3
-9.25430E-3
-8.61013E-3
-8.28805E-3
-8.28805E-3
-8.28805E-3
-8.61013E-3
-8.61013E-3
-9.25430E-3
-8.28805E-3
-7.96597E-3
-8.28805E-3
-8.93222E-3
-8.28805E-3
-8.61013E-3
-8.93222E-3
-8.61013E-3
-8.93222E-3
-9.25430E-3
-7.96597E-3
-7.96597E-3
-8.28805E-3
-8.61013E-3
-8.28805E-3
-8.28805E-3
-7.96597E-3
-8.28805E-3
-8.28805E-3
-8.93222E-3
-9.25430E-3
-8.61013E-3
-9.25430E-3
-8.28805E-3
-1.31193E-2
-1.11868E-2
-6.35555E-3
-7.64388E-3
-7.32180E-3
-8.93222E-3
-8.61013E-3
-8.61013E-3
-8.28805E-3
-8.93222E-3
-8.28805E-3
-8.61013E-3
-9.25430E-3
-8.61013E-3
-9.25430E-3
-9.25430E-3
-9.89847E-3
-9.25430E-3
-8.61013E-3
-9.89847E-3
-8.61013E-3
-9.25430E-3
-8.93222E-3
-8.93222E-3
-9.89847E-3
-9.57638E-3
-9.89847E-3
-9.89847E-3
-9.57638E-3
-8.93222E-3
-9.25430E-3
-9.25430E-3
-8.61013E-3
-9.57638E-3
-8.93222E-3
-8.61013E-3
-9.57638E-3
-9.25430E-3
-9.25430E-3
-8.28805E-3
-9.57638E-3
-8.93222E-3
-9.25430E-3
-8.28805E-3
-8.93222E-3
-9.25430E-3
-8.93222E-3
-8.61013E-3
-8.93222E-3
-8.61013E-3
-2.81263E-3
-6.03347E-3
-8.93222E-3
-8.93222E-3
-9.57638E-3
-9.25430E-3
-9.25430E-3
-9.57638E-3
-8.61013E-3
-8.61013E-3
-8.28805E-3
-8.28805E-3
-8.61013E-3
-8.61013E-3
-8.61013E-3
-8.28805E-3
-8.61013E-3
-8.61013E-3
-9.25430E-3
-8.28805E-3
-8.28805E-3
-9.25430E-3
-8.28805E-3
-8.93222E-3
-7.96597E-3
-8.28805E-3
-7.96597E-3
-9.25430E-3
-8.61013E-3
-9.25430E-3
-9.25430E-3
-9.89847E-3
-8.93222E-3
-9.25430E-3
-9.89847E-3
-9.57638E-3
-9.57638E-3
-9.25430E-3
-8.28805E-3
-8.93222E-3
-9.25430E-3
-8.61013E-3
-9.57638E-3
-9.57638E-3
-9.57638E-3
-9.25430E-3
-8.93222E-3
-8.61013E-3
-8.61013E-3
-8.93222E-3
-1.40855E-2
-1.05426E-2
-7.32180E-3
-8.61013E-3
-7.32180E-3
-8.28805E-3
-8.28805E-3
-7.96597E-3
-9.25430E-3
-8.93222E-3
-9.25430E-3
-8.28805E-3
-7.96597E-3
-8.28805E-3
-8.61013E-3
-8.61013E-3
-7.96597E-3
-8.28805E-3
-9.25430E-3
-8.28805E-3
-7.64388E-3
-7.64388E-3
-7.96597E-3
-8.28805E-3
-9.25430E-3
-8.28805E-3
-7.96597E-3
-9.25430E-3
-8.93222E-3
-8.93222E-3
-9.25430E-3
-9.25430E-3
-8.93222E-3
-8.93222E-3
-9.25430E-3
-9.25430E-3
-8.93222E-3
-9.57638E-3
-9.25430E-3
-9.25430E-3
-9.89847E-3
