6.83414E+9
4.61170E+8
-3.04824E-1
0.00000E+0
0.00000E+0
0.00000E+0
5.00000E-7
-1.08647E-2
-7.32180E-3
-6.67763E-3
-7.64388E-3
-7.32180E-3
-8.93222E-3
-6.99972E-3
-7.64388E-3
-7.64388E-3
-7.32180E-3
-7.32180E-3
-6.99972E-3
-6.99972E-3
-7.32180E-3
-7.64388E-3
-6.99972E-3
-6.99972E-3
-6.67763E-3
-7.32180E-3
-6.99972E-3
-7.96597E-3
-7.64388E-3
-7.32180E-3
-7.96597E-3
-7.32180E-3
-7.32180E-3
-7.64388E-3
-6.99972E-3
-6.67763E-3
-6.67763E-3
-6.99972E-3
-6.35555E-3
-4.42305E-3
-3.45680E-3
-4.10097E-3
-1.08647E-2
-1.60180E-2
-2.08493E-2
-2.34260E-2
-2.40701E-2
-2.53585E-2
-2.63247E-2
-2.72910E-2
-2.89014E-2
-3.05118E-2
-2.92235E-2
-2.98676E-2
-2.98676E-2
-2.95455E-2
-3.01897E-2
-3.05118E-2
-3.05118E-2
-3.08339E-2
-3.08339E-2
-3.05118E-2
-3.11560E-2
-3.01897E-2
-3.11560E-2
-3.08339E-2
-3.05118E-2
-3.08339E-2
-3.08339E-2
-3.11560E-2
-3.11560E-2
-3.11560E-2
-3.11560E-2
-3.11560E-2
-3.08339E-2
-3.14780E-2
-3.18001E-2
-3.08339E-2
-3.18001E-2
-3.11560E-2
-3.14780E-2
-3.11560E-2
-3.14780E-2
-3.14780E-2
-3.11560E-2
-3.11560E-2
-3.11560E-2
-3.27664E-2
-3.18001E-2
-3.18001E-2
-3.08339E-2
-3.14780E-2
-3.11560E-2
-3.18001E-2
-3.14780E-2
-3.18001E-2
-3.14780E-2
-3.14780E-2
-3.18001E-2
-3.14780E-2
-3.11560E-2
-3.11560E-2
-3.14780E-2
-3.14780E-2
-3.14780E-2
-3.11560E-2
-3.11560E-2
-3.08339E-2
-3.21222E-2
-3.11560E-2
-3.11560E-2
-3.11560E-2
-3.11560E-2
-3.21222E-2
-3.08339E-2
-3.08339E-2
-3.05118E-2
-3.11560E-2
-3.11560E-2
-3.14780E-2
-3.11560E-2
-3.11560E-2
-3.11560E-2
-3.05118E-2
-3.11560E-2
-3.14780E-2
-3.11560E-2
-3.18001E-2
-3.11560E-2
-3.11560E-2
-3.05118E-2
-3.01897E-2
-3.05118E-2
-3.01897E-2
-3.05118E-2
-3.05118E-2
-3.05118E-2
-2.56805E-2
-3.08339E-2
-3.11560E-2
-2.85793E-2
-2.37480E-2
-1.79505E-2
-1.37635E-2
-1.15089E-2
-1.11868E-2
-9.25430E-3
-1.08647E-2
-8.61013E-3
-8.61013E-3
-7.64388E-3
-7.32180E-3
-6.35555E-3
-6.67763E-3
-7.32180E-3
-6.03347E-3
-6.99972E-3
-6.67763E-3
-6.99972E-3
-6.35555E-3
-6.99972E-3
-6.67763E-3
-6.99972E-3
-6.35555E-3
-6.99972E-3
-6.67763E-3
-6.99972E-3
-7.64388E-3
-6.99972E-3
-6.35555E-3
-6.35555E-3
-6.35555E-3
-6.35555E-3
-6.03347E-3
-6.99972E-3
-7.32180E-3
-7.32180E-3
-5.71138E-3
-6.03347E-3
-6.03347E-3
-1.92389E-2
-6.81955E-2
-1.26171E-1
-1.72550E-1
-2.06047E-1
-2.31170E-1
-2.49528E-1
-2.65633E-1
-2.77228E-1
-2.88178E-1
-2.95908E-1
-3.02350E-1
-3.05571E-1
-3.08148E-1
-3.10080E-1
-3.13301E-1
-3.15555E-1
-3.16522E-1
-3.17488E-1
-3.19098E-1
-3.19420E-1
-3.18776E-1
-3.19743E-1
-3.19743E-1
-3.21031E-1
-3.22319E-1
-3.23285E-1
-3.24252E-1
-3.22963E-1
-3.24252E-1
-3.25218E-1
-3.24574E-1
-3.22641E-1
-3.22963E-1
-3.22319E-1
-3.21997E-1
-3.20709E-1
-3.21353E-1
-3.21675E-1
-3.21675E-1
-3.21997E-1
-3.21353E-1
-3.23608E-1
-3.23608E-1
-3.22641E-1
-3.21997E-1
-3.21997E-1
-3.22319E-1
-3.21353E-1
-3.22319E-1
-3.22641E-1
-3.22963E-1
-3.22319E-1
-3.22963E-1
-3.23608E-1
-3.23930E-1
-3.23930E-1
-3.24252E-1
-3.24252E-1
-3.25540E-1
-3.25218E-1
-3.25540E-1
-3.25540E-1
-3.25862E-1
-3.23930E-1
-3.23930E-1
-3.22641E-1
-3.23285E-1
-3.21997E-1
-3.21997E-1
-3.22319E-1
-3.22641E-1
-3.23285E-1
-3.23930E-1
-3.23930E-1
-3.24896E-1
-3.24252E-1
-3.24252E-1
-3.23608E-1
-3.23930E-1
-3.24252E-1
-3.22963E-1
-3.22641E-1
-3.22963E-1
-3.22319E-1
-3.23608E-1
-3.23930E-1
-3.24574E-1
-3.24574E-1
-3.23930E-1
-3.23285E-1
-3.23608E-1
-3.23608E-1
-3.23608E-1
-3.23608E-1
-3.23608E-1
-3.22641E-1
-3.23608E-1
-3.22963E-1
-3.20387E-1
-2.74651E-1
-2.10556E-1
-1.52259E-1
-1.07168E-1
-7.94684E-2
-6.43305E-2
-5.53122E-2
-4.72601E-2
-3.85639E-2
-3.18001E-2
-2.72910E-2
-2.34260E-2
-2.05272E-2
-1.85947E-2
-1.73064E-2
-1.56960E-2
-1.44076E-2
-1.37635E-2
-1.24751E-2
-1.21530E-2
-1.18310E-2
-1.15089E-2
-1.11868E-2
-1.05426E-2
-1.11868E-2
-1.15089E-2
-1.11868E-2
-1.05426E-2
-1.02205E-2
-1.08647E-2
-1.02205E-2
-9.89847E-3
-9.57638E-3
-9.89847E-3
-9.89847E-3
-9.89847E-3
-9.89847E-3
-9.25430E-3
-9.89847E-3
-9.25430E-3
-8.61013E-3
-8.93222E-3
-8.93222E-3
-9.25430E-3
-8.61013E-3
-8.61013E-3
-8.61013E-3
-9.25430E-3
-9.25430E-3
-9.25430E-3
-9.25430E-3
-9.25430E-3
-9.25430E-3
-9.25430E-3
-9.25430E-3
-8.93222E-3
-8.93222E-3
-9.57638E-3
-8.61013E-3
-9.25430E-3
-8.28805E-3
-8.61013E-3
-8.93222E-3
-8.93222E-3
-8.61013E-3
-9.89847E-3
-9.25430E-3
-8.61013E-3
-9.25430E-3
-8.93222E-3
-8.93222E-3
-8.93222E-3
-9.25430E-3
-8.28805E-3
-8.93222E-3
-8.28805E-3
-8.93222E-3
-8.93222E-3
-9.25430E-3
-8.28805E-3
-8.28805E-3
-8.61013E-3
-7.96597E-3
-8.28805E-3
-7.96597E-3
-8.61013E-3
-7.64388E-3
-8.93222E-3
-7.96597E-3
-7.64388E-3
-7.96597E-3
-8.61013E-3
-8.28805E-3
-7.96597E-3
-8.28805E-3
-8.93222E-3
-8.28805E-3
-8.61013E-3
-8.93222E-3
-9.25430E-3
-8.28805E-3
-8.28805E-3
-8.93222E-3
-7.96597E-3
-8.28805E-3
-8.93222E-3
-8.28805E-3
-7.96597E-3
-8.28805E-3
-8.61013E-3
-7.96597E-3
-7.96597E-3
-7.96597E-3
-7.96597E-3
-7.32180E-3
-7.64388E-3
-7.96597E-3
-7.96597E-3
-8.28805E-3
-7.64388E-3
-7.96597E-3
-7.96597E-3
-6.99972E-3
-8.28805E-3
-7.64388E-3
-7.32180E-3
-7.96597E-3
-7.96597E-3
-8.28805E-3
-7.64388E-3
-8.28805E-3
-8.61013E-3
-7.64388E-3
-8.28805E-3
-8.28805E-3
-7.96597E-3
-7.96597E-3
-8.28805E-3
-8.28805E-3
-7.32180E-3
-7.96597E-3
-7.96597E-3
-7.64388E-3
-8.28805E-3
-7.96597E-3
-8.61013E-3
-8.61013E-3
-8.28805E-3
-8.93222E-3
-9.57638E-3
-9.25430E-3
-8.93222E-3
-7.96597E-3
-8.61013E-3
-8.61013E-3
-8.93222E-3
-7.96597E-3
-7.64388E-3
-7.64388E-3
-7.96597E-3
-8.61013E-3
-7.96597E-3
-7.64388E-3
-7.64388E-3
-8.61013E-3
-7.96597E-3
-7.64388E-3
-8.28805E-3
-8.61013E-3
-8.28805E-3
-7.96597E-3
-7.96597E-3
-7.32180E-3
-7.96597E-3
-7.64388E-3
-7.96597E-3
-7.96597E-3
-7.64388E-3
-7.32180E-3
-7.64388E-3
-7.96597E-3
-8.28805E-3
-8.61013E-3
-8.28805E-3
-7.96597E-3
-7.96597E-3
-8.28805E-3
-7.96597E-3
-7.64388E-3
-7.96597E-3
-7.96597E-3
-7.96597E-3
-7.96597E-3
-8.61013E-3
-7.96597E-3
-7.64388E-3
-7.96597E-3
-8.28805E-3
-7.96597E-3
-8.28805E-3
-7.96597E-3
-7.96597E-3
-8.61013E-3
-8.93222E-3
-8.61013E-3
-9.25430E-3
-7.64388E-3
-7.96597E-3
-8.28805E-3
-8.28805E-3
-7.96597E-3
-7.32180E-3
-7.96597E-3
-7.64388E-3
-7.64388E-3
-7.96597E-3
-8.28805E-3
-8.28805E-3
-7.32180E-3
-7.32180E-3
-7.32180E-3
-8.28805E-3
-7.96597E-3
-8.28805E-3
-8.28805E-3
-7.64388E-3
-8.61013E-3
-7.96597E-3
-8.61013E-3
-7.96597E-3
-8.61013E-3
-7.32180E-3
-7.64388E-3
-7.32180E-3
-7.32180E-3
-6.99972E-3
-7.64388E-3
-7.96597E-3
-7.32180E-3
-7.96597E-3
-7.64388E-3
-8.28805E-3
-8.61013E-3
-7.96597E-3
-7.96597E-3
-8.61013E-3
-7.96597E-3
-7.96597E-3
-7.32180E-3
-7.64388E-3
-8.28805E-3
-7.64388E-3
-8.28805E-3
-8.28805E-3
-7.96597E-3
-8.61013E-3
-8.61013E-3
-7.96597E-3
-7.96597E-3
-8.28805E-3
-8.61013E-3
-8.61013E-3
-8.28805E-3
-8.61013E-3
-7.64388E-3
-7.96597E-3
-7.96597E-3
-8.28805E-3
-8.28805E-3
-7.96597E-3
-8.61013E-3
-8.61013E-3
-7.96597E-3
-8.61013E-3
-7.96597E-3
-8.61013E-3
-8.93222E-3
-8.61013E-3
-7.96597E-3
-8.28805E-3
-8.93222E-3
-7.64388E-3
-8.28805E-3
-8.28805E-3
-7.64388E-3
-8.28805E-3
-8.28805E-3
-7.96597E-3
-7.32180E-3
-7.32180E-3
-7.96597E-3
-8.28805E-3
-7.64388E-3
-8.28805E-3
-7.96597E-3
-7.64388E-3
-7.96597E-3
-7.64388E-3
-7.32180E-3
-7.96597E-3
-8.28805E-3
-8.28805E-3
-7.64388E-3
-8.28805E-3
-7.96597E-3
-7.96597E-3
-7.64388E-3
-7.64388E-3
-7.96597E-3
-8.61013E-3
-7.96597E-3
-9.25430E-3
-8.28805E-3
-7.64388E-3
-8.28805E-3
-8.61013E-3
-8.28805E-3
-8.93222E-3
-7.96597E-3
-8.28805E-3
-8.28805E-3
-7.64388E-3
-6.99972E-3
-7.96597E-3
-8.28805E-3
-7.96597E-3
-7.96597E-3
-8.61013E-3
-8.28805E-3
-8.28805E-3
-8.28805E-3
-7.96597E-3
-7.96597E-3
-8.28805E-3
-8.28805E-3
-8.61013E-3
-8.93222E-3
