6.83450E+9
4.61530E+8
-3.78323E-1
0.00000E+0
0.00000E+0
0.00000E+0
5.00000E-7
-1.11868E-2
-7.64388E-3
-7.96597E-3
-8.28805E-3
-7.32180E-3
-7.96597E-3
-7.96597E-3
-7.64388E-3
-7.96597E-3
-8.61013E-3
-9.25430E-3
-8.28805E-3
-7.64388E-3
-8.61013E-3
-9.25430E-3
-8.28805E-3
-7.64388E-3
-7.32180E-3
-7.96597E-3
-8.61013E-3
-8.28805E-3
-8.28805E-3
-7.32180E-3
-7.64388E-3
-7.96597E-3
-8.28805E-3
-7.96597E-3
-6.99972E-3
-7.96597E-3
-8.28805E-3
-8.28805E-3
-7.32180E-3
-4.74513E-3
-4.42305E-3
-6.35555E-3
-1.27972E-2
-2.08493E-2
-2.72910E-2
-3.01897E-2
-3.11560E-2
-3.18001E-2
-3.24443E-2
-3.37326E-2
-3.53430E-2
-3.56651E-2
-3.59872E-2
-3.63093E-2
-3.69535E-2
-3.69535E-2
-3.69535E-2
-3.75976E-2
-3.82418E-2
-3.75976E-2
-3.79197E-2
-3.82418E-2
-3.82418E-2
-3.85639E-2
-3.82418E-2
-3.85639E-2
-3.79197E-2
-3.75976E-2
-3.85639E-2
-3.82418E-2
-3.82418E-2
-3.88860E-2
-3.82418E-2
-3.88860E-2
-3.85639E-2
-3.85639E-2
-3.79197E-2
-3.88860E-2
-3.88860E-2
-3.95301E-2
-3.85639E-2
-3.85639E-2
-3.85639E-2
-3.85639E-2
-3.85639E-2
-3.88860E-2
-3.85639E-2
-3.95301E-2
-3.85639E-2
-3.82418E-2
-3.85639E-2
-3.79197E-2
-3.72755E-2
-3.82418E-2
-3.79197E-2
-3.79197E-2
-3.79197E-2
-3.82418E-2
-3.85639E-2
-3.79197E-2
-3.88860E-2
-3.85639E-2
-3.88860E-2
-3.85639E-2
-3.79197E-2
-3.79197E-2
-3.85639E-2
-3.82418E-2
-3.79197E-2
-3.79197E-2
-3.82418E-2
-3.88860E-2
-3.82418E-2
-3.82418E-2
-3.75976E-2
-3.75976E-2
-3.72755E-2
-3.79197E-2
-3.79197E-2
-3.75976E-2
-3.72755E-2
-3.69535E-2
-3.79197E-2
-3.75976E-2
-3.72755E-2
-3.72755E-2
-3.72755E-2
-3.75976E-2
-3.79197E-2
-3.75976E-2
-3.79197E-2
-3.75976E-2
-3.75976E-2
-3.75976E-2
-3.66314E-2
-3.72755E-2
-3.75976E-2
-3.24443E-2
-3.79197E-2
-3.75976E-2
-3.46989E-2
-2.76130E-2
-2.14935E-2
-1.63401E-2
-1.34414E-2
-1.18310E-2
-1.15089E-2
-1.08647E-2
-1.05426E-2
-9.25430E-3
-8.61013E-3
-7.96597E-3
-7.32180E-3
-6.99972E-3
-6.67763E-3
-6.99972E-3
-6.99972E-3
-7.32180E-3
-6.35555E-3
-6.67763E-3
-6.35555E-3
-6.67763E-3
-6.35555E-3
-6.03347E-3
-6.03347E-3
-6.67763E-3
-6.99972E-3
-7.96597E-3
-6.99972E-3
-6.67763E-3
-6.99972E-3
-6.35555E-3
-6.67763E-3
-6.67763E-3
-6.99972E-3
-6.03347E-3
-6.67763E-3
-6.67763E-3
-6.03347E-3
-5.71138E-3
-2.40701E-2
-8.65543E-2
-1.56768E-1
-2.13777E-1
-2.54360E-1
-2.84635E-1
-3.08470E-1
-3.27473E-1
-3.42288E-1
-3.53239E-1
-3.62258E-1
-3.67733E-1
-3.72242E-1
-3.76751E-1
-3.80938E-1
-3.83515E-1
-3.85770E-1
-3.87058E-1
-3.88346E-1
-3.92211E-1
-3.94788E-1
-3.96720E-1
-3.97687E-1
-3.98009E-1
-3.96720E-1
-3.95754E-1
-3.94144E-1
-3.95754E-1
-3.96720E-1
-3.97043E-1
-3.98009E-1
-3.98653E-1
-3.99619E-1
-3.99297E-1
-3.99941E-1
-3.98975E-1
-3.99619E-1
-3.99297E-1
-3.98975E-1
-3.98975E-1
-3.98653E-1
-3.97687E-1
-3.96398E-1
-3.97043E-1
-3.98331E-1
-3.99619E-1
-4.00908E-1
-3.99619E-1
-3.97687E-1
-3.97043E-1
-3.97365E-1
-3.97687E-1
-3.97043E-1
-3.96720E-1
-3.96720E-1
-3.96076E-1
-3.95432E-1
-3.98331E-1
-3.98331E-1
-3.99619E-1
-3.98009E-1
-3.95754E-1
-3.94144E-1
-3.94144E-1
-3.95432E-1
-3.95754E-1
-3.97043E-1
-3.95754E-1
-3.94144E-1
-3.94466E-1
-3.96076E-1
-3.96398E-1
-3.96720E-1
-3.96398E-1
-3.96076E-1
-3.96076E-1
-3.95110E-1
-3.96398E-1
-3.95754E-1
-3.96076E-1
-3.95754E-1
-3.94788E-1
-3.94466E-1
-3.94144E-1
-3.93178E-1
-3.92533E-1
-3.93500E-1
-3.95110E-1
-3.95754E-1
-3.96398E-1
-3.97365E-1
-3.97365E-1
-3.97687E-1
-3.96720E-1
-3.96720E-1
-3.97365E-1
-3.97043E-1
-3.96398E-1
-3.95754E-1
-3.89313E-1
-3.33270E-1
-2.56614E-1
-1.85756E-1
-1.30680E-1
-9.58947E-2
-7.59255E-2
-6.52968E-2
-5.53122E-2
-4.53276E-2
-3.72755E-2
-3.14780E-2
-2.66468E-2
-2.34260E-2
-2.11714E-2
-1.85947E-2
-1.69843E-2
-1.56960E-2
-1.44076E-2
-1.31193E-2
-1.24751E-2
-1.21530E-2
-1.18310E-2
-1.21530E-2
-1.15089E-2
-1.18310E-2
-1.18310E-2
-1.08647E-2
-1.08647E-2
-1.08647E-2
-1.02205E-2
-1.05426E-2
-1.11868E-2
-1.05426E-2
-1.05426E-2
-9.89847E-3
-9.57638E-3
-9.89847E-3
-9.89847E-3
-1.02205E-2
-9.89847E-3
-9.89847E-3
-9.25430E-3
-9.89847E-3
-1.02205E-2
-9.57638E-3
-9.89847E-3
-9.57638E-3
-9.89847E-3
-9.57638E-3
-9.57638E-3
-9.89847E-3
-8.61013E-3
-8.61013E-3
-9.25430E-3
-9.57638E-3
-9.89847E-3
-9.25430E-3
-9.57638E-3
-9.25430E-3
-8.93222E-3
-9.25430E-3
-9.25430E-3
-9.25430E-3
-8.61013E-3
-8.93222E-3
-8.28805E-3
-8.61013E-3
-8.61013E-3
-8.28805E-3
-9.25430E-3
-8.28805E-3
-8.61013E-3
-7.64388E-3
-8.61013E-3
-8.28805E-3
-8.93222E-3
-7.64388E-3
-8.28805E-3
-7.96597E-3
-8.61013E-3
-7.96597E-3
-8.28805E-3
-8.28805E-3
-8.28805E-3
-8.61013E-3
-7.64388E-3
-8.28805E-3
-8.61013E-3
-9.25430E-3
-9.25430E-3
-9.57638E-3
-8.93222E-3
-8.61013E-3
-8.28805E-3
-8.28805E-3
-8.61013E-3
-8.61013E-3
-8.61013E-3
-8.61013E-3
-8.28805E-3
-8.61013E-3
-8.93222E-3
-8.93222E-3
-9.25430E-3
-8.28805E-3
-8.93222E-3
-8.93222E-3
-8.28805E-3
-8.93222E-3
-8.61013E-3
-8.61013E-3
-8.61013E-3
-7.32180E-3
-8.28805E-3
-8.28805E-3
-7.64388E-3
-7.96597E-3
-7.96597E-3
-9.25430E-3
-8.61013E-3
-7.32180E-3
-7.32180E-3
-7.32180E-3
-7.96597E-3
-7.96597E-3
-8.28805E-3
-7.96597E-3
-7.96597E-3
-7.96597E-3
-7.32180E-3
-7.96597E-3
-7.64388E-3
-7.96597E-3
-7.96597E-3
-7.64388E-3
-7.96597E-3
-8.61013E-3
-7.96597E-3
-8.93222E-3
-7.96597E-3
-8.61013E-3
-7.64388E-3
-7.64388E-3
-8.61013E-3
-8.28805E-3
-8.61013E-3
-8.61013E-3
-8.28805E-3
-8.61013E-3
-8.61013E-3
-8.28805E-3
-7.96597E-3
-8.28805E-3
-8.61013E-3
-7.96597E-3
-8.28805E-3
-7.64388E-3
-7.64388E-3
-7.96597E-3
-7.32180E-3
-7.96597E-3
-7.32180E-3
-7.96597E-3
-8.28805E-3
-7.64388E-3
-8.28805E-3
-7.96597E-3
-8.28805E-3
-8.28805E-3
-8.28805E-3
-7.96597E-3
-8.28805E-3
-7.96597E-3
-8.28805E-3
-7.96597E-3
-7.64388E-3
-7.64388E-3
-7.64388E-3
-8.28805E-3
-8.28805E-3
-8.61013E-3
-8.61013E-3
-8.28805E-3
-7.96597E-3
-8.61013E-3
-8.61013E-3
-7.64388E-3
-7.96597E-3
-8.28805E-3
-8.61013E-3
-7.96597E-3
-8.28805E-3
-7.96597E-3
-7.64388E-3
-8.28805E-3
-7.64388E-3
-8.28805E-3
-8.61013E-3
-8.61013E-3
-7.96597E-3
-7.64388E-3
-7.96597E-3
-8.61013E-3
-8.28805E-3
-7.96597E-3
-7.64388E-3
-6.99972E-3
-8.28805E-3
-7.64388E-3
-7.96597E-3
-7.32180E-3
-8.28805E-3
-7.96597E-3
-6.99972E-3
-7.64388E-3
-7.96597E-3
-7.64388E-3
-7.96597E-3
-7.64388E-3
-8.28805E-3
-7.96597E-3
-7.96597E-3
-7.96597E-3
-7.64388E-3
-8.28805E-3
-7.64388E-3
-7.96597E-3
-7.64388E-3
-7.32180E-3
-7.64388E-3
-7.64388E-3
-8.28805E-3
-7.96597E-3
-7.32180E-3
-7.96597E-3
-7.64388E-3
-7.96597E-3
-8.61013E-3
-7.64388E-3
-8.28805E-3
-8.28805E-3
-7.64388E-3
-7.96597E-3
-7.96597E-3
-7.96597E-3
-7.64388E-3
-7.64388E-3
-7.96597E-3
-7.96597E-3
-8.28805E-3
-8.93222E-3
-8.28805E-3
-7.96597E-3
-7.96597E-3
-8.61013E-3
-8.28805E-3
-8.93222E-3
-7.96597E-3
-7.64388E-3
-6.99972E-3
-7.96597E-3
-8.61013E-3
-8.28805E-3
-8.28805E-3
-7.64388E-3
-8.28805E-3
-7.32180E-3
-8.61013E-3
-7.96597E-3
-7.32180E-3
-7.96597E-3
-7.64388E-3
-7.64388E-3
-7.64388E-3
-7.96597E-3
-7.96597E-3
-7.64388E-3
-7.96597E-3
-8.28805E-3
-7.32180E-3
-7.64388E-3
-7.96597E-3
-7.32180E-3
-8.28805E-3
-6.99972E-3
-6.99972E-3
-7.96597E-3
-7.96597E-3
-8.28805E-3
-7.64388E-3
-7.64388E-3
-7.64388E-3
-7.96597E-3
-7.64388E-3
-7.96597E-3
-8.28805E-3
-7.64388E-3
-8.28805E-3
-6.99972E-3
-7.64388E-3
-7.64388E-3
-7.96597E-3
-7.64388E-3
-7.64388E-3
-8.61013E-3
-7.96597E-3
-7.32180E-3
-7.32180E-3
-7.96597E-3
-7.96597E-3
-7.64388E-3
-8.28805E-3
-7.64388E-3
-7.96597E-3
-8.28805E-3
-8.28805E-3
-8.28805E-3
-8.28805E-3
-8.28805E-3
-8.93222E-3
-8.28805E-3
-7.96597E-3
-7.96597E-3
-8.61013E-3
-8.28805E-3
-7.96597E-3
-7.96597E-3
-8.28805E-3
-8.61013E-3
-8.28805E-3
-8.28805E-3
-7.64388E-3
-8.28805E-3
-8.28805E-3
-8.61013E-3
-8.28805E-3
-8.28805E-3
