6.83485E+9
4.61880E+8
-3.78036E-1
0.00000E+0
0.00000E+0
0.00000E+0
5.00000E-7
-1.31193E-2
-7.64388E-3
-6.03347E-3
-6.35555E-3
-6.99972E-3
-8.61013E-3
-8.28805E-3
-7.32180E-3
-7.64388E-3
-7.32180E-3
-8.28805E-3
-7.96597E-3
-8.28805E-3
-7.96597E-3
-8.61013E-3
-8.61013E-3
-7.64388E-3
-8.28805E-3
-8.28805E-3
-7.96597E-3
-8.28805E-3
-8.61013E-3
-8.28805E-3
-7.96597E-3
-8.28805E-3
-8.28805E-3
-8.93222E-3
-8.61013E-3
-8.28805E-3
-7.96597E-3
-7.96597E-3
-7.64388E-3
-5.38930E-3
-4.74513E-3
-5.71138E-3
-1.11868E-2
-1.79505E-2
-2.27818E-2
-2.43922E-2
-2.66468E-2
-2.72910E-2
-2.79351E-2
-2.92235E-2
-3.01897E-2
-3.01897E-2
-3.11560E-2
-3.18001E-2
-3.14780E-2
-3.14780E-2
-2.79351E-2
-2.85793E-2
-3.27664E-2
-3.30885E-2
-3.34105E-2
-3.21222E-2
-3.18001E-2
-3.24443E-2
-3.30885E-2
-3.24443E-2
-3.21222E-2
-3.27664E-2
-3.27664E-2
-3.30885E-2
-3.27664E-2
-3.30885E-2
-3.30885E-2
-3.37326E-2
-3.40547E-2
-3.30885E-2
-3.30885E-2
-3.24443E-2
-3.27664E-2
-3.34105E-2
-3.21222E-2
-3.27664E-2
-3.24443E-2
-3.21222E-2
-3.27664E-2
-3.27664E-2
-3.30885E-2
-3.40547E-2
-3.37326E-2
-3.24443E-2
-3.30885E-2
-3.27664E-2
-3.30885E-2
-3.27664E-2
-3.27664E-2
-3.21222E-2
-3.21222E-2
-3.24443E-2
-3.30885E-2
-3.27664E-2
-3.24443E-2
-3.30885E-2
-3.27664E-2
-3.24443E-2
-3.27664E-2
-3.40547E-2
-3.46989E-2
-3.43768E-2
-3.30885E-2
-3.08339E-2
-3.11560E-2
-3.24443E-2
-3.30885E-2
-3.30885E-2
-3.24443E-2
-3.30885E-2
-3.18001E-2
-3.24443E-2
-3.30885E-2
-3.27664E-2
-3.27664E-2
-3.30885E-2
-3.27664E-2
-3.27664E-2
-3.27664E-2
-3.27664E-2
-3.27664E-2
-3.27664E-2
-3.27664E-2
-3.27664E-2
-3.24443E-2
-3.18001E-2
-3.24443E-2
-3.11560E-2
-3.21222E-2
-3.27664E-2
-3.24443E-2
-2.79351E-2
-3.21222E-2
-3.24443E-2
-2.98676E-2
-2.40701E-2
-1.85947E-2
-1.47297E-2
-1.21530E-2
-1.18310E-2
-1.08647E-2
-1.15089E-2
-1.05426E-2
-8.93222E-3
-8.93222E-3
-8.93222E-3
-8.61013E-3
-7.96597E-3
-8.28805E-3
-7.96597E-3
-3.45680E-3
-4.74513E-3
-8.61013E-3
-9.25430E-3
-9.25430E-3
-8.28805E-3
-6.67763E-3
-7.64388E-3
-8.28805E-3
-8.28805E-3
-7.32180E-3
-8.61013E-3
-7.64388E-3
-6.99972E-3
-7.96597E-3
-7.64388E-3
-7.64388E-3
-6.99972E-3
-7.32180E-3
-7.32180E-3
-7.64388E-3
-6.99972E-3
-6.67763E-3
-7.32180E-3
-2.34260E-2
-8.30114E-2
-1.54836E-1
-2.11200E-1
-2.53071E-1
-2.83025E-1
-3.08470E-1
-3.27795E-1
-3.41000E-1
-3.52917E-1
-3.60969E-1
-3.68699E-1
-3.74497E-1
-3.79006E-1
-3.81583E-1
-3.85125E-1
-3.86092E-1
-3.87058E-1
-3.88668E-1
-3.90279E-1
-3.91567E-1
-3.93178E-1
-3.94144E-1
-3.94788E-1
-3.96076E-1
-3.97365E-1
-3.95432E-1
-3.99619E-1
-3.97687E-1
-3.96398E-1
-3.97687E-1
-3.99297E-1
-3.99619E-1
-3.98331E-1
-3.96076E-1
-3.96076E-1
-3.95754E-1
-3.96398E-1
-3.95110E-1
-3.94466E-1
-3.95110E-1
-3.95754E-1
-3.96720E-1
-3.97365E-1
-3.96720E-1
-3.96076E-1
-3.97687E-1
-4.00585E-1
-3.99941E-1
-3.99941E-1
-4.00908E-1
-4.00263E-1
-3.99619E-1
-3.99297E-1
-3.97365E-1
-3.96398E-1
-3.96398E-1
-3.95432E-1
-3.96076E-1
-3.96398E-1
-3.96720E-1
-3.98331E-1
-3.98975E-1
-3.99619E-1
-3.99619E-1
-3.98009E-1
-3.96398E-1
-3.96076E-1
-3.95110E-1
-3.95110E-1
-3.95754E-1
-3.95432E-1
-3.95754E-1
-3.95110E-1
-3.94466E-1
-3.93178E-1
-3.92211E-1
-3.90601E-1
-3.93500E-1
-3.95110E-1
-3.94466E-1
-3.94788E-1
-3.94788E-1
-3.97365E-1
-3.97687E-1
-3.96720E-1
-3.95110E-1
-3.94144E-1
-3.94144E-1
-3.95754E-1
-3.95754E-1
-3.96398E-1
-3.96398E-1
-3.96720E-1
-3.97365E-1
-3.98009E-1
-3.99297E-1
-3.98653E-1
-3.98331E-1
-3.92855E-1
-3.35847E-1
-2.59191E-1
-1.87688E-1
-1.32290E-1
-9.71830E-2
-7.75359E-2
-6.56189E-2
-5.62785E-2
-4.66160E-2
-3.79197E-2
-3.14780E-2
-2.69689E-2
-2.40701E-2
-2.14935E-2
-1.98830E-2
-1.79505E-2
-1.63401E-2
-1.53739E-2
-1.40855E-2
-1.34414E-2
-1.24751E-2
-1.27972E-2
-1.27972E-2
-1.27972E-2
-1.18310E-2
-1.21530E-2
-1.40855E-2
-1.34414E-2
-1.15089E-2
-9.25430E-3
-9.57638E-3
-1.05426E-2
-1.11868E-2
-1.08647E-2
-1.02205E-2
-9.89847E-3
-9.89847E-3
-1.11868E-2
-1.08647E-2
-1.11868E-2
-1.02205E-2
-1.05426E-2
-1.15089E-2
-1.18310E-2
-1.08647E-2
-1.05426E-2
-1.15089E-2
-1.02205E-2
-1.11868E-2
-1.08647E-2
-1.11868E-2
-1.11868E-2
-1.05426E-2
-1.05426E-2
-1.11868E-2
-1.08647E-2
-1.02205E-2
-1.05426E-2
-1.02205E-2
-1.05426E-2
-1.02205E-2
-9.89847E-3
-9.89847E-3
-1.05426E-2
-1.02205E-2
-9.89847E-3
-9.89847E-3
-9.89847E-3
-9.57638E-3
-9.57638E-3
-9.89847E-3
-9.89847E-3
-8.93222E-3
-9.57638E-3
-9.89847E-3
-9.57638E-3
-4.42305E-3
-5.71138E-3
-9.89847E-3
-1.11868E-2
-1.11868E-2
-9.25430E-3
-8.93222E-3
-9.25430E-3
-9.89847E-3
-8.61013E-3
-8.93222E-3
-9.25430E-3
-8.93222E-3
-8.93222E-3
-9.25430E-3
-8.93222E-3
-9.89847E-3
-9.57638E-3
-9.57638E-3
-9.25430E-3
-9.89847E-3
-9.25430E-3
-9.25430E-3
-9.25430E-3
-9.25430E-3
-9.25430E-3
-9.25430E-3
-9.89847E-3
-9.57638E-3
-9.57638E-3
-9.25430E-3
-9.25430E-3
-8.61013E-3
-9.25430E-3
-8.93222E-3
-1.02205E-2
-8.93222E-3
-8.61013E-3
-9.57638E-3
-8.61013E-3
-9.89847E-3
-9.25430E-3
-9.57638E-3
-9.25430E-3
-8.93222E-3
-9.57638E-3
-9.25430E-3
-9.25430E-3
-9.57638E-3
-1.02205E-2
-1.18310E-2
-1.11868E-2
-9.25430E-3
-7.64388E-3
-7.96597E-3
-8.61013E-3
-9.89847E-3
-9.25430E-3
-8.61013E-3
-8.28805E-3
-8.93222E-3
-9.25430E-3
-8.61013E-3
-8.61013E-3
-9.25430E-3
-9.57638E-3
-9.89847E-3
-9.25430E-3
-8.93222E-3
-8.61013E-3
-8.28805E-3
-9.57638E-3
-8.93222E-3
-8.28805E-3
-8.93222E-3
-9.25430E-3
-8.61013E-3
-8.28805E-3
-9.25430E-3
-9.25430E-3
-8.28805E-3
-8.28805E-3
-9.25430E-3
-9.57638E-3
-8.93222E-3
-9.89847E-3
-9.57638E-3
-8.61013E-3
-9.57638E-3
-9.25430E-3
-9.25430E-3
-9.25430E-3
-8.93222E-3
-8.61013E-3
-8.61013E-3
-9.25430E-3
-9.89847E-3
-9.89847E-3
-9.57638E-3
-9.25430E-3
-4.42305E-3
-6.67763E-3
-1.02205E-2
-1.08647E-2
-1.05426E-2
-9.57638E-3
-7.96597E-3
-8.61013E-3
-9.25430E-3
-9.57638E-3
-8.61013E-3
-9.25430E-3
-8.93222E-3
-8.93222E-3
-8.61013E-3
-9.25430E-3
-8.61013E-3
-9.25430E-3
-8.61013E-3
-7.96597E-3
-7.96597E-3
-9.25430E-3
-8.28805E-3
-9.25430E-3
-8.28805E-3
-8.93222E-3
-8.93222E-3
-8.93222E-3
-9.25430E-3
-9.25430E-3
-8.28805E-3
-8.93222E-3
-8.93222E-3
-8.28805E-3
-8.28805E-3
-8.28805E-3
-8.93222E-3
-8.61013E-3
-8.61013E-3
-8.93222E-3
-8.28805E-3
-7.96597E-3
-8.93222E-3
-8.93222E-3
-8.93222E-3
-9.25430E-3
-9.25430E-3
-9.57638E-3
-7.96597E-3
-1.02205E-2
-1.05426E-2
-1.05426E-2
-8.93222E-3
-7.64388E-3
-7.64388E-3
-9.25430E-3
-9.89847E-3
-9.25430E-3
-8.61013E-3
-9.25430E-3
-8.93222E-3
-8.93222E-3
-9.25430E-3
-8.28805E-3
-9.57638E-3
-9.25430E-3
-9.25430E-3
-8.61013E-3
-9.25430E-3
-9.25430E-3
-8.61013E-3
-9.25430E-3
-8.61013E-3
-9.25430E-3
-9.25430E-3
-9.25430E-3
-9.57638E-3
-9.57638E-3
-8.61013E-3
-8.61013E-3
-9.25430E-3
-9.25430E-3
-9.57638E-3
-9.25430E-3
-9.25430E-3
-9.25430E-3
-8.61013E-3
-9.25430E-3
-8.93222E-3
-8.61013E-3
-8.93222E-3
-8.28805E-3
-9.25430E-3
-8.61013E-3
-8.28805E-3
-8.28805E-3
-8.28805E-3
-7.96597E-3
-7.96597E-3
-7.96597E-3
-3.45680E-3
-6.35555E-3
-9.89847E-3
-1.05426E-2
-1.02205E-2
-9.25430E-3
-8.61013E-3
-8.93222E-3
-9.57638E-3
-9.25430E-3
-8.61013E-3
-8.93222E-3
-9.57638E-3
-8.93222E-3
-8.61013E-3
-9.25430E-3
-8.28805E-3
-8.28805E-3
-8.93222E-3
-9.25430E-3
-8.28805E-3
-9.89847E-3
-9.89847E-3
-9.25430E-3
-9.25430E-3
-9.57638E-3
-9.89847E-3
-9.25430E-3
-1.02205E-2
-8.28805E-3
-9.25430E-3
-9.57638E-3
-9.57638E-3
-9.57638E-3
-9.89847E-3
-9.57638E-3
-9.57638E-3
-9.57638E-3
-9.57638E-3
-9.57638E-3
-8.93222E-3
-9.25430E-3
-9.25430E-3
-9.57638E-3
-9.25430E-3
-9.57638E-3
-9.89847E-3
-9.57638E-3
-9.57638E-3
-9.89847E-3
-1.11868E-2
-1.08647E-2
-9.25430E-3
-7.32180E-3
-6.67763E-3
-8.61013E-3
-9.25430E-3
-7.96597E-3
-8.61013E-3
-8.28805E-3
-8.61013E-3
