6.83498E+9
4.62010E+8
-3.80200E-1
0.00000E+0
0.00000E+0
0.00000E+0
5.00000E-7
-1.15089E-2
-9.25430E-3
-8.61013E-3
-8.61013E-3
-8.93222E-3
-8.61013E-3
-8.61013E-3
-8.61013E-3
-8.28805E-3
-8.61013E-3
-8.61013E-3
-8.28805E-3
-7.96597E-3
-7.96597E-3
-8.61013E-3
-8.61013E-3
-8.28805E-3
-8.28805E-3
-7.96597E-3
-7.96597E-3
-9.25430E-3
-7.96597E-3
-7.96597E-3
-7.64388E-3
-8.61013E-3
-7.32180E-3
-1.05426E-2
-6.35555E-3
-6.35555E-3
-7.64388E-3
-8.28805E-3
-6.35555E-3
-4.42305E-3
-4.42305E-3
-1.02205E-2
-2.24597E-2
-3.56651E-2
-4.46835E-2
-4.95147E-2
-5.14472E-2
-5.43460E-2
-5.53122E-2
-5.78889E-2
-6.04655E-2
-6.11097E-2
-6.20759E-2
-6.27201E-2
-6.33643E-2
-6.36864E-2
-6.36864E-2
-6.36864E-2
-6.43305E-2
-6.46526E-2
-6.43305E-2
-6.46526E-2
-6.52968E-2
-6.46526E-2
-6.46526E-2
-6.46526E-2
-6.49747E-2
-6.49747E-2
-6.46526E-2
-6.49747E-2
-6.49747E-2
-6.46526E-2
-6.59409E-2
-6.49747E-2
-6.49747E-2
-6.46526E-2
-6.52968E-2
-6.52968E-2
-6.46526E-2
-6.43305E-2
-6.40084E-2
-6.46526E-2
-6.43305E-2
-6.23980E-2
-6.56189E-2
-6.56189E-2
-6.36864E-2
-6.46526E-2
-6.49747E-2
-6.43305E-2
-6.43305E-2
-6.36864E-2
-6.40084E-2
-6.46526E-2
-6.40084E-2
-6.40084E-2
-6.46526E-2
-6.36864E-2
-6.43305E-2
-6.40084E-2
-6.40084E-2
-6.33643E-2
-6.33643E-2
-6.36864E-2
-6.33643E-2
-6.33643E-2
-6.30422E-2
-6.30422E-2
-6.23980E-2
-6.27201E-2
-6.27201E-2
-6.27201E-2
-6.27201E-2
-6.27201E-2
-6.23980E-2
-6.23980E-2
-6.20759E-2
-6.27201E-2
-6.30422E-2
-6.27201E-2
-6.23980E-2
-6.17539E-2
-6.27201E-2
-6.23980E-2
-6.23980E-2
-6.17539E-2
-6.17539E-2
-6.11097E-2
-6.14318E-2
-6.14318E-2
-6.14318E-2
-6.14318E-2
-6.07876E-2
-6.36864E-2
-6.01434E-2
-5.88551E-2
-6.17539E-2
-5.56343E-2
-6.01434E-2
-5.98214E-2
-5.37018E-2
-4.33951E-2
-3.14780E-2
-2.24597E-2
-1.73064E-2
-1.60180E-2
-1.50518E-2
-1.47297E-2
-1.24751E-2
-9.89847E-3
-9.89847E-3
-9.25430E-3
-9.25430E-3
-8.61013E-3
-7.96597E-3
-7.96597E-3
-7.64388E-3
-7.32180E-3
-7.32180E-3
-6.99972E-3
-7.32180E-3
-6.67763E-3
-6.67763E-3
-7.32180E-3
-6.99972E-3
-6.67763E-3
-6.67763E-3
-7.32180E-3
-6.99972E-3
-7.96597E-3
-6.99972E-3
-7.64388E-3
-7.32180E-3
-6.99972E-3
-7.32180E-3
-6.99972E-3
-7.64388E-3
-8.28805E-3
-7.64388E-3
-8.28805E-3
-2.69689E-2
-9.07414E-2
-1.61600E-1
-2.14421E-1
-2.59191E-1
-2.94298E-1
-3.15233E-1
-3.34880E-1
-3.50340E-1
-3.59681E-1
-3.68377E-1
-3.74819E-1
-3.79328E-1
-3.82871E-1
-3.84803E-1
-3.86092E-1
-3.88668E-1
-3.89635E-1
-3.91567E-1
-3.91889E-1
-3.93500E-1
-3.94466E-1
-3.95754E-1
-3.96398E-1
-3.95754E-1
-3.96398E-1
-3.98009E-1
-3.98653E-1
-3.98009E-1
-3.99619E-1
-4.00263E-1
-4.00908E-1
-3.99941E-1
-3.99297E-1
-3.98009E-1
-3.98009E-1
-3.97687E-1
-3.99297E-1
-3.99941E-1
-4.00263E-1
-4.00908E-1
-4.00908E-1
-4.00263E-1
-4.00585E-1
-3.98653E-1
-3.98331E-1
-3.98009E-1
-3.98331E-1
-3.97365E-1
-3.98009E-1
-3.98975E-1
-4.00263E-1
-3.99619E-1
-4.01874E-1
-3.97687E-1
-3.95432E-1
-4.04128E-1
-4.00908E-1
-3.99619E-1
-3.99941E-1
-3.99619E-1
-4.00585E-1
-3.98975E-1
-3.98331E-1
-3.98331E-1
-3.98975E-1
-3.97687E-1
-3.99941E-1
-3.98653E-1
-3.97043E-1
-3.97043E-1
-3.96398E-1
-3.95432E-1
-3.95754E-1
-3.96398E-1
-3.98653E-1
-3.97687E-1
-3.99297E-1
-3.98331E-1
-3.98975E-1
-3.99297E-1
-3.98975E-1
-3.98975E-1
-3.98331E-1
-3.98975E-1
-3.98975E-1
-3.99297E-1
-3.99297E-1
-3.97687E-1
-3.97365E-1
-3.97365E-1
-3.97365E-1
-3.98009E-1
-3.97043E-1
-3.97043E-1
-3.96398E-1
-3.96076E-1
-3.97043E-1
-3.98653E-1
-3.94144E-1
-3.36169E-1
-2.59513E-1
-1.87044E-1
-1.28425E-1
-9.84714E-2
-7.91464E-2
-6.56189E-2
-5.62785E-2
-4.75822E-2
-3.95301E-2
-3.14780E-2
-2.63247E-2
-2.24597E-2
-2.18155E-2
-1.89168E-2
-1.69843E-2
-1.50518E-2
-1.47297E-2
-1.37635E-2
-1.27972E-2
-1.24751E-2
-1.24751E-2
-1.24751E-2
-1.21530E-2
-1.18310E-2
-1.15089E-2
-1.15089E-2
-1.11868E-2
-1.11868E-2
-1.11868E-2
-1.05426E-2
-1.05426E-2
-1.05426E-2
-1.05426E-2
-1.05426E-2
-1.02205E-2
-1.08647E-2
-1.11868E-2
-1.05426E-2
-1.05426E-2
-1.05426E-2
-1.02205E-2
-9.57638E-3
-9.89847E-3
-9.25430E-3
-1.02205E-2
-9.25430E-3
-9.89847E-3
-1.02205E-2
-9.57638E-3
-9.57638E-3
-9.57638E-3
-9.57638E-3
-1.18310E-2
-7.32180E-3
-7.64388E-3
-1.08647E-2
-9.25430E-3
-8.61013E-3
-7.96597E-3
-9.25430E-3
-1.11868E-2
-9.89847E-3
-9.25430E-3
-9.25430E-3
-9.25430E-3
-9.89847E-3
-8.93222E-3
-9.25430E-3
-8.61013E-3
-8.93222E-3
-1.02205E-2
-9.57638E-3
-8.93222E-3
-9.25430E-3
-9.25430E-3
-9.57638E-3
-8.93222E-3
-9.25430E-3
-8.61013E-3
-9.25430E-3
-9.25430E-3
-8.61013E-3
-8.61013E-3
-8.28805E-3
-9.25430E-3
-8.93222E-3
-8.61013E-3
-8.28805E-3
-8.61013E-3
-8.28805E-3
-8.28805E-3
-8.28805E-3
-7.96597E-3
-8.93222E-3
-7.96597E-3
-8.61013E-3
-8.61013E-3
-8.61013E-3
-8.61013E-3
-8.93222E-3
-9.25430E-3
-8.61013E-3
-6.03347E-3
-1.08647E-2
-1.08647E-2
-8.61013E-3
-8.61013E-3
-9.25430E-3
-9.57638E-3
-8.28805E-3
-8.28805E-3
-7.64388E-3
-8.93222E-3
-8.61013E-3
-8.93222E-3
-8.28805E-3
-8.28805E-3
-8.61013E-3
-8.28805E-3
-8.28805E-3
-8.28805E-3
-7.96597E-3
-7.64388E-3
-7.96597E-3
-7.64388E-3
-7.96597E-3
-7.64388E-3
-7.64388E-3
-7.96597E-3
-7.96597E-3
-7.96597E-3
-8.28805E-3
-8.28805E-3
-8.28805E-3
-8.28805E-3
-7.96597E-3
-7.96597E-3
-8.28805E-3
-7.96597E-3
-7.64388E-3
-8.28805E-3
-8.28805E-3
-7.32180E-3
-8.28805E-3
-7.32180E-3
-7.64388E-3
-8.28805E-3
-8.28805E-3
-8.28805E-3
-8.61013E-3
-8.61013E-3
-8.28805E-3
-1.05426E-2
-6.03347E-3
-6.35555E-3
-8.93222E-3
-8.28805E-3
-7.64388E-3
-6.67763E-3
-7.32180E-3
-8.93222E-3
-8.61013E-3
-8.61013E-3
-7.64388E-3
-7.96597E-3
-8.28805E-3
-8.28805E-3
-7.96597E-3
-7.96597E-3
-7.96597E-3
-7.64388E-3
-6.99972E-3
-7.32180E-3
-7.32180E-3
-7.96597E-3
-7.32180E-3
-8.28805E-3
-7.96597E-3
-7.96597E-3
-8.28805E-3
-7.64388E-3
-8.61013E-3
-7.96597E-3
-7.96597E-3
-8.61013E-3
-7.96597E-3
-7.96597E-3
-7.64388E-3
-8.61013E-3
-7.64388E-3
-7.96597E-3
-7.32180E-3
-7.32180E-3
-8.28805E-3
-7.64388E-3
-8.28805E-3
-8.93222E-3
-7.64388E-3
-8.61013E-3
-7.96597E-3
-8.28805E-3
-8.61013E-3
-6.35555E-3
-9.89847E-3
-9.89847E-3
-7.64388E-3
-7.96597E-3
-8.93222E-3
-9.89847E-3
-8.93222E-3
-7.96597E-3
-8.28805E-3
-8.61013E-3
-8.28805E-3
-7.96597E-3
-7.64388E-3
-8.28805E-3
-7.64388E-3
-7.64388E-3
-8.28805E-3
-7.64388E-3
-8.28805E-3
-8.61013E-3
-7.96597E-3
-8.61013E-3
-7.96597E-3
-7.96597E-3
-7.32180E-3
-7.64388E-3
-7.64388E-3
-7.96597E-3
-7.32180E-3
-7.64388E-3
-7.32180E-3
-7.32180E-3
-7.64388E-3
-7.32180E-3
-7.96597E-3
-8.28805E-3
-7.96597E-3
-7.96597E-3
-7.64388E-3
-6.99972E-3
-7.96597E-3
-7.32180E-3
-7.32180E-3
-6.99972E-3
-7.32180E-3
-7.32180E-3
-8.28805E-3
-7.64388E-3
-6.99972E-3
-9.89847E-3
-5.38930E-3
-5.71138E-3
-7.96597E-3
-7.32180E-3
-6.03347E-3
-5.71138E-3
-6.67763E-3
-7.96597E-3
-7.64388E-3
-6.99972E-3
-6.99972E-3
-6.35555E-3
-6.99972E-3
-7.32180E-3
-6.99972E-3
-7.96597E-3
-7.64388E-3
-7.32180E-3
-7.96597E-3
-8.28805E-3
-7.96597E-3
-8.28805E-3
-8.28805E-3
-7.96597E-3
-7.32180E-3
-8.28805E-3
-7.64388E-3
-6.99972E-3
-7.32180E-3
-6.99972E-3
-7.32180E-3
-7.96597E-3
-7.64388E-3
-7.32180E-3
-7.96597E-3
-7.96597E-3
-7.96597E-3
-7.96597E-3
-8.28805E-3
-8.28805E-3
-7.32180E-3
-7.64388E-3
-7.32180E-3
-7.64388E-3
-7.64388E-3
-7.64388E-3
-7.32180E-3
-7.32180E-3
-7.96597E-3
-5.71138E-3
-9.89847E-3
-1.02205E-2
-7.96597E-3
-8.28805E-3
-9.89847E-3
-9.25430E-3
-8.93222E-3
-7.96597E-3
-7.96597E-3
-8.61013E-3
-8.61013E-3
-8.28805E-3
-7.64388E-3
-7.64388E-3
-8.28805E-3
-7.96597E-3
-7.96597E-3
-8.61013E-3
-8.28805E-3
-7.64388E-3
-7.64388E-3
-9.25430E-3
-8.28805E-3
-8.28805E-3
-7.64388E-3
-8.61013E-3
-8.61013E-3
-7.96597E-3
-7.96597E-3
-8.28805E-3
-7.64388E-3
-7.96597E-3
-7.96597E-3
