6.83467E+9
4.61700E+8
-3.79320E-1
0.00000E+0
0.00000E+0
0.00000E+0
5.00000E-7
-1.18310E-2
-8.61013E-3
-7.64388E-3
-8.28805E-3
-7.96597E-3
-8.61013E-3
-8.28805E-3
-7.64388E-3
-8.93222E-3
-9.25430E-3
-8.61013E-3
-7.96597E-3
-7.64388E-3
-8.61013E-3
-8.61013E-3
-7.96597E-3
-1.44076E-2
-1.15089E-2
-6.99972E-3
-6.99972E-3
-9.25430E-3
-8.28805E-3
-8.61013E-3
-7.64388E-3
-8.93222E-3
-8.61013E-3
-9.25430E-3
-8.28805E-3
-8.28805E-3
-8.93222E-3
-8.28805E-3
-7.64388E-3
-5.71138E-3
-4.74513E-3
-7.64388E-3
-1.76285E-2
-2.76130E-2
-3.46989E-2
-3.75976E-2
-3.88860E-2
-3.98522E-2
-4.08185E-2
-4.24289E-2
-4.43614E-2
-4.46835E-2
-4.59718E-2
-4.59718E-2
-4.72601E-2
-4.72601E-2
-4.75822E-2
-4.82264E-2
-4.79043E-2
-4.85485E-2
-4.82264E-2
-4.82264E-2
-4.72601E-2
-4.79043E-2
-4.75822E-2
-4.75822E-2
-4.85485E-2
-4.91926E-2
-4.88705E-2
-4.91926E-2
-4.95147E-2
-4.91926E-2
-4.98368E-2
-4.43614E-2
-4.62939E-2
-5.04810E-2
-4.95147E-2
-5.04810E-2
-4.91926E-2
-5.04810E-2
-4.98368E-2
-4.82264E-2
-4.95147E-2
-4.98368E-2
-5.01589E-2
-4.98368E-2
-4.98368E-2
-5.01589E-2
-4.95147E-2
-4.95147E-2
-4.91926E-2
-4.91926E-2
-4.91926E-2
-4.88705E-2
-4.85485E-2
-4.95147E-2
-4.88705E-2
-4.95147E-2
-4.91926E-2
-4.85485E-2
-4.88705E-2
-4.88705E-2
-4.85485E-2
-4.82264E-2
-4.88705E-2
-4.85485E-2
-4.85485E-2
-4.85485E-2
-4.82264E-2
-4.88705E-2
-4.88705E-2
-4.79043E-2
-4.82264E-2
-4.82264E-2
-4.75822E-2
-4.79043E-2
-4.82264E-2
-4.79043E-2
-4.79043E-2
-4.82264E-2
-4.72601E-2
-4.72601E-2
-4.79043E-2
-5.37018E-2
-5.11251E-2
-4.53276E-2
-4.59718E-2
-4.69380E-2
-4.69380E-2
-4.72601E-2
-4.66160E-2
-4.72601E-2
-4.72601E-2
-4.69380E-2
-4.82264E-2
-4.75822E-2
-4.66160E-2
-4.21068E-2
-4.79043E-2
-4.75822E-2
-4.24289E-2
-3.43768E-2
-2.53585E-2
-1.85947E-2
-1.47297E-2
-1.40855E-2
-1.40855E-2
-1.27972E-2
-1.11868E-2
-9.89847E-3
-9.89847E-3
-9.25430E-3
-9.25430E-3
-8.93222E-3
-8.61013E-3
-8.28805E-3
-8.93222E-3
-8.28805E-3
-8.28805E-3
-8.61013E-3
-8.61013E-3
-8.61013E-3
-7.64388E-3
-7.96597E-3
-7.32180E-3
-6.99972E-3
-7.64388E-3
-8.28805E-3
-7.64388E-3
-7.64388E-3
-7.32180E-3
-7.32180E-3
-7.32180E-3
-3.45680E-3
-4.10097E-3
-6.99972E-3
-7.96597E-3
-8.61013E-3
-8.28805E-3
-7.96597E-3
-2.56805E-2
-8.71984E-2
-1.58701E-1
-2.13777E-1
-2.56614E-1
-2.87856E-1
-3.11368E-1
-3.31338E-1
-3.43577E-1
-3.54850E-1
-3.63868E-1
-3.72242E-1
-3.77395E-1
-3.82227E-1
-3.84481E-1
-3.86092E-1
-3.87702E-1
-3.89957E-1
-3.90923E-1
-3.91245E-1
-3.91889E-1
-3.93500E-1
-3.94144E-1
-3.94144E-1
-3.94144E-1
-3.94466E-1
-3.96076E-1
-3.97687E-1
-3.97365E-1
-3.98975E-1
-3.99619E-1
-3.98331E-1
-3.98331E-1
-3.98331E-1
-3.98009E-1
-3.97365E-1
-3.97365E-1
-3.97687E-1
-3.98009E-1
-3.99619E-1
-3.98331E-1
-3.98009E-1
-3.97043E-1
-4.03806E-1
-4.01230E-1
-3.94144E-1
-3.96720E-1
-3.96076E-1
-3.97043E-1
-3.97365E-1
-3.97043E-1
-3.97365E-1
-3.98653E-1
-3.99941E-1
-3.98653E-1
-3.96720E-1
-3.95754E-1
-3.97365E-1
-3.98653E-1
-3.99297E-1
-3.98653E-1
-3.99619E-1
-4.00585E-1
-4.00908E-1
-4.01230E-1
-4.01230E-1
-3.99941E-1
-3.98653E-1
-3.96720E-1
-3.97043E-1
-3.99619E-1
-4.00263E-1
-4.00585E-1
-4.00585E-1
-3.98653E-1
-3.98009E-1
-3.97365E-1
-3.97687E-1
-3.97365E-1
-3.96398E-1
-3.95754E-1
-3.94466E-1
-3.94788E-1
-3.94466E-1
-3.95754E-1
-3.96720E-1
-3.96076E-1
-3.97365E-1
-3.97365E-1
-3.97365E-1
-3.98331E-1
-3.98653E-1
-3.97687E-1
-3.92533E-1
-3.96398E-1
-3.98975E-1
-3.99297E-1
-4.01552E-1
-4.00585E-1
-3.94466E-1
-3.36813E-1
-2.59191E-1
-1.87688E-1
-1.32290E-1
-9.78272E-2
-7.85022E-2
-6.65851E-2
-5.75668E-2
-4.66160E-2
-3.85639E-2
-3.14780E-2
-2.69689E-2
-2.37480E-2
-2.14935E-2
-1.92389E-2
-1.79505E-2
-1.63401E-2
-1.53739E-2
-1.50518E-2
-1.44076E-2
-1.31193E-2
-1.27972E-2
-1.27972E-2
-1.31193E-2
-1.21530E-2
-1.18310E-2
-1.24751E-2
-1.24751E-2
-1.27972E-2
-1.11868E-2
-1.18310E-2
-1.18310E-2
-1.15089E-2
-1.11868E-2
-1.08647E-2
-1.21530E-2
-1.15089E-2
-1.11868E-2
-1.08647E-2
-1.08647E-2
-1.05426E-2
-1.15089E-2
-1.08647E-2
-1.66622E-2
-1.47297E-2
-7.96597E-3
-1.05426E-2
-1.02205E-2
-1.05426E-2
-1.08647E-2
-1.05426E-2
-1.08647E-2
-1.02205E-2
-1.05426E-2
-1.11868E-2
-1.05426E-2
-1.11868E-2
-1.02205E-2
-9.89847E-3
-9.89847E-3
-9.57638E-3
-9.57638E-3
-9.25430E-3
-9.57638E-3
-9.57638E-3
-9.89847E-3
-9.89847E-3
-9.57638E-3
-9.57638E-3
-9.89847E-3
-8.93222E-3
-9.57638E-3
-9.57638E-3
-9.57638E-3
-9.25430E-3
-1.02205E-2
-9.57638E-3
-9.25430E-3
-9.25430E-3
-9.25430E-3
-9.25430E-3
-8.93222E-3
-9.57638E-3
-9.57638E-3
-9.25430E-3
-9.89847E-3
-9.57638E-3
-9.89847E-3
-9.57638E-3
-9.89847E-3
-9.25430E-3
-9.57638E-3
-9.89847E-3
-3.13472E-3
-5.38930E-3
-8.93222E-3
-1.05426E-2
-1.05426E-2
-9.89847E-3
-9.89847E-3
-1.02205E-2
-9.57638E-3
-9.89847E-3
-9.57638E-3
-1.05426E-2
-9.57638E-3
-9.57638E-3
-8.61013E-3
-8.28805E-3
-9.89847E-3
-8.61013E-3
-9.57638E-3
-9.25430E-3
-9.25430E-3
-9.57638E-3
-8.93222E-3
-9.25430E-3
-9.25430E-3
-8.93222E-3
-8.93222E-3
-7.96597E-3
-8.61013E-3
-8.93222E-3
-8.61013E-3
-8.93222E-3
-8.93222E-3
-9.25430E-3
-9.25430E-3
-9.25430E-3
-8.93222E-3
-8.61013E-3
-8.93222E-3
-8.28805E-3
-9.25430E-3
-8.93222E-3
-9.57638E-3
-9.25430E-3
-9.25430E-3
-9.25430E-3
-8.93222E-3
-9.25430E-3
-7.96597E-3
-9.25430E-3
-1.50518E-2
-1.18310E-2
-6.67763E-3
-9.25430E-3
-8.61013E-3
-8.61013E-3
-8.93222E-3
-8.28805E-3
-8.93222E-3
-8.61013E-3
-9.25430E-3
-8.61013E-3
-9.25430E-3
-9.25430E-3
-9.89847E-3
-9.25430E-3
-9.89847E-3
-9.57638E-3
-9.25430E-3
-8.93222E-3
-8.61013E-3
-8.28805E-3
-8.61013E-3
-9.25430E-3
-8.93222E-3
-9.89847E-3
-9.25430E-3
-9.89847E-3
-9.25430E-3
-8.28805E-3
-9.25430E-3
-8.93222E-3
-9.25430E-3
-9.25430E-3
-8.93222E-3
-9.25430E-3
-9.57638E-3
-9.57638E-3
-9.25430E-3
-9.57638E-3
-9.25430E-3
-9.57638E-3
-9.25430E-3
-9.57638E-3
-9.57638E-3
-9.89847E-3
-9.57638E-3
-9.57638E-3
-9.57638E-3
-9.89847E-3
-4.42305E-3
-7.32180E-3
-1.11868E-2
-8.93222E-3
-1.15089E-2
-9.89847E-3
-9.89847E-3
-8.93222E-3
-8.28805E-3
-8.93222E-3
-8.61013E-3
-8.93222E-3
-9.89847E-3
-8.61013E-3
-7.96597E-3
-8.28805E-3
-8.61013E-3
-8.93222E-3
-8.61013E-3
-8.93222E-3
-8.61013E-3
-8.93222E-3
-8.93222E-3
-9.25430E-3
-9.57638E-3
-9.57638E-3
-9.25430E-3
-9.25430E-3
-9.57638E-3
-9.25430E-3
-8.93222E-3
-9.25430E-3
-8.93222E-3
-8.28805E-3
-8.93222E-3
-8.93222E-3
-8.61013E-3
-8.61013E-3
-8.93222E-3
-8.61013E-3
-8.61013E-3
-8.93222E-3
-8.28805E-3
-9.89847E-3
-9.25430E-3
-9.57638E-3
-9.89847E-3
-9.89847E-3
-9.25430E-3
-9.25430E-3
-1.37635E-2
-1.11868E-2
-6.03347E-3
-8.28805E-3
-8.28805E-3
-8.28805E-3
-8.93222E-3
-8.93222E-3
-9.89847E-3
-9.25430E-3
-9.25430E-3
-9.25430E-3
-9.25430E-3
-8.61013E-3
-8.93222E-3
-7.96597E-3
-8.28805E-3
-8.93222E-3
-9.57638E-3
-9.25430E-3
-8.61013E-3
-9.25430E-3
-8.61013E-3
-9.25430E-3
-8.28805E-3
-8.28805E-3
-7.96597E-3
-7.96597E-3
-8.61013E-3
-8.61013E-3
-9.57638E-3
-9.25430E-3
-9.25430E-3
-8.61013E-3
-9.25430E-3
-8.28805E-3
-8.28805E-3
-8.61013E-3
-8.93222E-3
-9.25430E-3
-9.25430E-3
-8.93222E-3
-8.28805E-3
-9.25430E-3
-7.96597E-3
-8.61013E-3
-8.93222E-3
-9.25430E-3
-9.25430E-3
-8.61013E-3
-4.10097E-3
-6.67763E-3
-9.25430E-3
-9.25430E-3
-9.57638E-3
-8.61013E-3
-9.89847E-3
-9.57638E-3
-8.28805E-3
-8.93222E-3
-8.93222E-3
-8.93222E-3
-8.61013E-3
-8.61013E-3
-8.61013E-3
-9.25430E-3
-9.25430E-3
-9.25430E-3
-8.93222E-3
-9.25430E-3
-9.25430E-3
-9.25430E-3
-7.96597E-3
-7.64388E-3
-8.93222E-3
-8.61013E-3
-7.96597E-3
-7.64388E-3
-8.93222E-3
-9.25430E-3
-9.89847E-3
-8.28805E-3
-8.28805E-3
-8.28805E-3
-8.61013E-3
-8.93222E-3
-7.64388E-3
-7.96597E-3
-8.61013E-3
-8.28805E-3
-7.96597E-3
-8.61013E-3
-8.28805E-3
-8.61013E-3
