6.83479E+9
4.61820E+8
-3.81548E-1
0.00000E+0
0.00000E+0
0.00000E+0
5.00000E-7
-1.18310E-2
-8.28805E-3
-8.28805E-3
-7.96597E-3
-7.96597E-3
-8.61013E-3
-8.28805E-3
-8.28805E-3
-8.28805E-3
-7.96597E-3
-8.93222E-3
-7.96597E-3
-8.28805E-3
-7.64388E-3
-7.96597E-3
-8.28805E-3
-7.64388E-3
-7.96597E-3
-7.96597E-3
-7.96597E-3
-8.61013E-3
-1.56960E-2
-1.15089E-2
-6.03347E-3
-6.99972E-3
-6.67763E-3
-7.64388E-3
-8.28805E-3
-7.32180E-3
-7.32180E-3
-7.32180E-3
-7.64388E-3
-5.06722E-3
-4.10097E-3
-4.74513E-3
-8.93222E-3
-1.44076E-2
-1.82726E-2
-2.08493E-2
-2.14935E-2
-2.18155E-2
-2.27818E-2
-2.40701E-2
-2.43922E-2
-2.56805E-2
-2.47143E-2
-2.53585E-2
-2.60026E-2
-2.60026E-2
-2.63247E-2
-2.60026E-2
-2.72910E-2
-2.63247E-2
-2.66468E-2
-2.69689E-2
-2.66468E-2
-2.63247E-2
-2.72910E-2
-2.66468E-2
-2.66468E-2
-2.72910E-2
-2.72910E-2
-2.66468E-2
-2.76130E-2
-2.72910E-2
-2.76130E-2
-2.66468E-2
-2.76130E-2
-2.82572E-2
-2.79351E-2
-2.72910E-2
-2.24597E-2
-2.47143E-2
-3.08339E-2
-2.85793E-2
-2.72910E-2
-2.69689E-2
-2.72910E-2
-2.79351E-2
-2.85793E-2
-2.98676E-2
-2.79351E-2
-2.82572E-2
-2.85793E-2
-2.82572E-2
-2.82572E-2
-2.79351E-2
-2.85793E-2
-2.79351E-2
-2.76130E-2
-2.79351E-2
-2.82572E-2
-2.85793E-2
-2.79351E-2
-2.82572E-2
-2.79351E-2
-2.76130E-2
-2.72910E-2
-2.79351E-2
-2.76130E-2
-2.72910E-2
-2.72910E-2
-2.76130E-2
-2.76130E-2
-2.76130E-2
-2.79351E-2
-2.72910E-2
-2.76130E-2
-2.76130E-2
-2.72910E-2
-2.66468E-2
-2.69689E-2
-2.69689E-2
-2.69689E-2
-2.69689E-2
-2.72910E-2
-2.66468E-2
-2.69689E-2
-2.66468E-2
-2.66468E-2
-2.69689E-2
-3.43768E-2
-2.98676E-2
-2.47143E-2
-2.43922E-2
-2.56805E-2
-2.72910E-2
-2.79351E-2
-2.69689E-2
-2.69689E-2
-2.21376E-2
-2.89014E-2
-2.82572E-2
-2.63247E-2
-2.14935E-2
-1.60180E-2
-1.27972E-2
-1.11868E-2
-1.08647E-2
-9.89847E-3
-1.05426E-2
-9.25430E-3
-8.28805E-3
-7.96597E-3
-6.99972E-3
-7.32180E-3
-7.32180E-3
-6.99972E-3
-7.32180E-3
-8.28805E-3
-7.32180E-3
-6.35555E-3
-6.35555E-3
-7.64388E-3
-6.99972E-3
-7.64388E-3
-7.96597E-3
-7.32180E-3
-6.99972E-3
-6.35555E-3
-7.64388E-3
-6.67763E-3
-6.67763E-3
-7.64388E-3
-6.99972E-3
-7.32180E-3
-7.32180E-3
-6.67763E-3
-7.64388E-3
-6.99972E-3
-7.32180E-3
-1.20222E-3
-4.42305E-3
-2.50364E-2
-8.39776E-2
-1.55480E-1
-2.11523E-1
-2.54360E-1
-2.86568E-1
-3.10724E-1
-3.29727E-1
-3.44865E-1
-3.58393E-1
-3.66767E-1
-3.72886E-1
-3.77395E-1
-3.81260E-1
-3.86414E-1
-3.89313E-1
-3.91245E-1
-3.91889E-1
-3.92211E-1
-3.93500E-1
-3.94144E-1
-3.95110E-1
-3.95754E-1
-3.96398E-1
-3.96398E-1
-3.97365E-1
-3.98653E-1
-3.99619E-1
-3.98653E-1
-4.00585E-1
-4.02196E-1
-4.00263E-1
-4.00585E-1
-4.00908E-1
-4.00263E-1
-4.00908E-1
-4.00585E-1
-4.00585E-1
-4.00908E-1
-4.01230E-1
-4.01874E-1
-4.00908E-1
-4.01552E-1
-4.02196E-1
-4.01874E-1
-4.01552E-1
-4.01552E-1
-4.02196E-1
-4.09604E-1
-4.02518E-1
-3.96398E-1
-3.97365E-1
-3.97365E-1
-3.99941E-1
-4.01230E-1
-3.99619E-1
-4.00263E-1
-3.98331E-1
-3.99297E-1
-3.98009E-1
-3.97365E-1
-3.97687E-1
-3.98331E-1
-3.99297E-1
-3.98975E-1
-3.98653E-1
-3.99297E-1
-4.00908E-1
-4.00585E-1
-3.99941E-1
-4.00908E-1
-4.00908E-1
-4.01874E-1
-3.99619E-1
-3.99297E-1
-3.99941E-1
-4.00263E-1
-4.00908E-1
-4.00585E-1
-4.00908E-1
-4.01874E-1
-4.00908E-1
-3.99297E-1
-3.99941E-1
-3.98653E-1
-3.99619E-1
-3.99297E-1
-4.00263E-1
-4.00263E-1
-4.01552E-1
-4.02840E-1
-4.03162E-1
-4.00908E-1
-4.00908E-1
-3.99941E-1
-3.99619E-1
-3.99941E-1
-4.00585E-1
-3.96076E-1
-3.93178E-1
-3.41966E-1
-2.61768E-1
-1.88655E-1
-1.32290E-1
-9.62168E-2
-7.88243E-2
-6.69072E-2
-5.62785E-2
-4.56497E-2
-3.82418E-2
-3.11560E-2
-2.63247E-2
-2.31039E-2
-2.08493E-2
-1.85947E-2
-1.69843E-2
-1.50518E-2
-1.37635E-2
-1.31193E-2
-1.27972E-2
-1.27972E-2
-1.15089E-2
-1.18310E-2
-1.18310E-2
-1.24751E-2
-1.21530E-2
-1.18310E-2
-1.11868E-2
-1.11868E-2
-1.08647E-2
-9.89847E-3
-1.02205E-2
-1.08647E-2
-1.08647E-2
-9.89847E-3
-9.89847E-3
-1.02205E-2
-9.57638E-3
-9.25430E-3
-9.89847E-3
-1.05426E-2
-9.57638E-3
-9.89847E-3
-1.05426E-2
-9.89847E-3
-9.89847E-3
-9.89847E-3
-9.57638E-3
-1.79505E-2
-1.27972E-2
-7.32180E-3
-7.32180E-3
-7.96597E-3
-9.25430E-3
-9.89847E-3
-8.93222E-3
-8.93222E-3
-9.57638E-3
-9.89847E-3
-9.57638E-3
-9.25430E-3
-8.61013E-3
-9.25430E-3
-9.25430E-3
-9.25430E-3
-9.25430E-3
-9.25430E-3
-8.93222E-3
-9.89847E-3
-9.25430E-3
-9.89847E-3
-9.57638E-3
-9.89847E-3
-8.93222E-3
-8.61013E-3
-9.57638E-3
-9.25430E-3
-9.25430E-3
-8.61013E-3
-8.61013E-3
-9.25430E-3
-8.61013E-3
-9.25430E-3
-9.25430E-3
-8.93222E-3
-8.28805E-3
-8.28805E-3
-8.28805E-3
-9.25430E-3
-8.93222E-3
-8.93222E-3
-8.28805E-3
-8.28805E-3
-8.61013E-3
-7.96597E-3
-8.93222E-3
-8.28805E-3
-7.96597E-3
-3.13472E-3
-6.03347E-3
-1.05426E-2
-9.57638E-3
-8.93222E-3
-7.64388E-3
-7.64388E-3
-9.25430E-3
-7.96597E-3
-9.25430E-3
-8.93222E-3
-8.28805E-3
-7.96597E-3
-8.61013E-3
-8.28805E-3
-7.64388E-3
-8.61013E-3
-7.64388E-3
-8.28805E-3
-7.64388E-3
-7.32180E-3
-7.96597E-3
-7.64388E-3
-7.64388E-3
-7.96597E-3
-8.28805E-3
-7.96597E-3
-8.61013E-3
-8.28805E-3
-8.28805E-3
-8.28805E-3
-7.96597E-3
-8.28805E-3
-8.28805E-3
-7.96597E-3
-7.96597E-3
-7.64388E-3
-7.32180E-3
-7.96597E-3
-7.96597E-3
-7.64388E-3
-6.99972E-3
-7.96597E-3
-6.99972E-3
-6.99972E-3
-7.96597E-3
-7.96597E-3
-8.61013E-3
-8.61013E-3
-7.64388E-3
-1.37635E-2
-1.02205E-2
-5.71138E-3
-6.67763E-3
-6.35555E-3
-7.64388E-3
-7.64388E-3
-7.64388E-3
-7.32180E-3
-7.96597E-3
-8.28805E-3
-8.61013E-3
-8.28805E-3
-8.61013E-3
-8.28805E-3
-7.32180E-3
-8.28805E-3
-8.28805E-3
-8.28805E-3
-7.96597E-3
-7.64388E-3
-8.28805E-3
-7.96597E-3
-8.28805E-3
-7.96597E-3
-8.61013E-3
-8.61013E-3
-7.96597E-3
-8.28805E-3
-8.28805E-3
-8.28805E-3
-7.64388E-3
-8.28805E-3
-7.64388E-3
-8.61013E-3
-8.61013E-3
-8.61013E-3
-8.61013E-3
-9.25430E-3
-7.64388E-3
-8.28805E-3
-7.96597E-3
-7.96597E-3
-7.96597E-3
-7.96597E-3
-7.32180E-3
-8.28805E-3
-7.96597E-3
-7.96597E-3
-9.57638E-3
-1.84638E-3
-5.71138E-3
-1.02205E-2
-9.57638E-3
-7.96597E-3
-7.32180E-3
-7.64388E-3
-6.99972E-3
-7.64388E-3
-7.32180E-3
-7.64388E-3
-7.96597E-3
-8.28805E-3
-6.99972E-3
-8.28805E-3
-7.32180E-3
-8.28805E-3
-7.64388E-3
-7.64388E-3
-6.99972E-3
-7.32180E-3
-7.96597E-3
-7.64388E-3
-7.64388E-3
-7.96597E-3
-8.28805E-3
-7.64388E-3
-7.64388E-3
-8.28805E-3
-7.96597E-3
-7.96597E-3
-7.96597E-3
-8.61013E-3
-7.96597E-3
-7.96597E-3
-8.28805E-3
-7.96597E-3
-8.61013E-3
-8.61013E-3
-8.28805E-3
-8.61013E-3
-8.28805E-3
-8.93222E-3
-8.61013E-3
-8.61013E-3
-8.28805E-3
-8.28805E-3
-8.93222E-3
-7.32180E-3
-7.96597E-3
-1.56960E-2
-1.11868E-2
-5.38930E-3
-7.32180E-3
-6.67763E-3
-7.96597E-3
-8.28805E-3
-7.64388E-3
-8.28805E-3
-7.64388E-3
-7.32180E-3
-7.64388E-3
-7.96597E-3
-7.32180E-3
-8.28805E-3
-7.32180E-3
-7.32180E-3
-8.28805E-3
-7.32180E-3
-8.28805E-3
-8.28805E-3
-8.28805E-3
-8.28805E-3
-8.28805E-3
-7.96597E-3
-7.96597E-3
-7.64388E-3
-7.96597E-3
-7.64388E-3
-8.28805E-3
-7.96597E-3
-7.96597E-3
-8.28805E-3
-8.61013E-3
-7.96597E-3
-8.61013E-3
-7.96597E-3
-8.93222E-3
-8.28805E-3
-7.96597E-3
-8.93222E-3
-8.93222E-3
-8.28805E-3
-8.28805E-3
-8.61013E-3
-8.93222E-3
-8.28805E-3
-8.93222E-3
-8.28805E-3
-8.93222E-3
-3.13472E-3
-6.03347E-3
-1.15089E-2
-1.02205E-2
-8.93222E-3
-7.96597E-3
-7.96597E-3
-9.25430E-3
-8.93222E-3
-8.61013E-3
-8.61013E-3
-8.61013E-3
-8.93222E-3
-8.61013E-3
-8.93222E-3
-8.28805E-3
-9.25430E-3
-8.61013E-3
-8.28805E-3
-8.28805E-3
-7.96597E-3
-8.61013E-3
-7.96597E-3
-7.96597E-3
-8.28805E-3
-8.28805E-3
-7.96597E-3
-8.28805E-3
-7.96597E-3
-7.32180E-3
-8.28805E-3
-7.32180E-3
-7.64388E-3
-7.96597E-3
-7.64388E-3
-7.96597E-3
-7.32180E-3
-8.28805E-3
-7.64388E-3
