6.83461E+9
4.61640E+8
-3.76910E-1
0.00000E+0
0.00000E+0
0.00000E+0
5.00000E-7
-1.15089E-2
-7.64388E-3
-7.32180E-3
-6.67763E-3
-6.99972E-3
-7.96597E-3
-7.32180E-3
-6.99972E-3
-7.32180E-3
-7.32180E-3
-7.96597E-3
-6.67763E-3
-7.64388E-3
-6.67763E-3
-7.64388E-3
-7.32180E-3
-7.64388E-3
-6.99972E-3
-7.32180E-3
-6.99972E-3
-7.64388E-3
-6.67763E-3
-6.67763E-3
-6.99972E-3
-6.99972E-3
-6.35555E-3
-6.35555E-3
-6.35555E-3
-6.99972E-3
-6.67763E-3
-7.32180E-3
-6.35555E-3
-4.74513E-3
-3.45680E-3
-5.06722E-3
-8.93222E-3
-1.40855E-2
-1.85947E-2
-2.14935E-2
-2.21376E-2
-2.27818E-2
-2.34260E-2
-2.47143E-2
-2.53585E-2
-2.24597E-2
-2.60026E-2
-2.72910E-2
-2.79351E-2
-2.76130E-2
-2.76130E-2
-2.69689E-2
-2.72910E-2
-2.69689E-2
-2.76130E-2
-2.82572E-2
-2.82572E-2
-2.89014E-2
-2.85793E-2
-2.82572E-2
-2.79351E-2
-2.85793E-2
-2.79351E-2
-2.82572E-2
-2.82572E-2
-2.85793E-2
-2.82572E-2
-2.89014E-2
-2.85793E-2
-2.85793E-2
-2.92235E-2
-2.85793E-2
-2.85793E-2
-2.82572E-2
-2.82572E-2
-2.85793E-2
-2.76130E-2
-2.82572E-2
-2.82572E-2
-2.82572E-2
-2.79351E-2
-2.92235E-2
-2.85793E-2
-2.82572E-2
-2.79351E-2
-2.79351E-2
-2.79351E-2
-2.79351E-2
-2.82572E-2
-2.85793E-2
-2.82572E-2
-2.79351E-2
-2.72910E-2
-2.79351E-2
-2.76130E-2
-3.14780E-2
-2.98676E-2
-2.69689E-2
-2.69689E-2
-2.72910E-2
-2.85793E-2
-2.85793E-2
-2.89014E-2
-2.82572E-2
-2.85793E-2
-2.89014E-2
-2.92235E-2
-2.89014E-2
-2.85793E-2
-2.82572E-2
-2.85793E-2
-2.89014E-2
-2.82572E-2
-2.85793E-2
-2.82572E-2
-2.89014E-2
-2.92235E-2
-2.85793E-2
-2.85793E-2
-2.82572E-2
-2.82572E-2
-2.89014E-2
-2.89014E-2
-2.85793E-2
-2.79351E-2
-2.82572E-2
-2.82572E-2
-2.82572E-2
-2.79351E-2
-2.85793E-2
-2.82572E-2
-2.37480E-2
-2.82572E-2
-2.89014E-2
-2.63247E-2
-2.14935E-2
-1.60180E-2
-1.27972E-2
-1.02205E-2
-1.02205E-2
-9.89847E-3
-1.02205E-2
-8.28805E-3
-7.64388E-3
-7.64388E-3
-3.45680E-3
-6.03347E-3
-7.32180E-3
-7.64388E-3
-7.32180E-3
-7.32180E-3
-6.35555E-3
-5.71138E-3
-6.03347E-3
-6.03347E-3
-5.71138E-3
-6.35555E-3
-6.03347E-3
-6.35555E-3
-6.35555E-3
-6.67763E-3
-6.35555E-3
-6.67763E-3
-6.03347E-3
-6.67763E-3
-6.35555E-3
-6.67763E-3
-6.67763E-3
-7.32180E-3
-6.99972E-3
-6.35555E-3
-6.35555E-3
-6.03347E-3
-6.67763E-3
-2.24597E-2
-8.33334E-2
-1.53548E-1
-2.10234E-1
-2.53393E-1
-2.82703E-1
-3.05571E-1
-3.25862E-1
-3.41966E-1
-3.54205E-1
-3.63868E-1
-3.71276E-1
-3.78684E-1
-3.84159E-1
-3.88668E-1
-3.89635E-1
-3.89957E-1
-3.89635E-1
-3.89957E-1
-3.91889E-1
-3.92855E-1
-3.95432E-1
-3.94788E-1
-3.94466E-1
-3.92211E-1
-3.93822E-1
-3.93822E-1
-3.96398E-1
-3.95110E-1
-3.94466E-1
-3.95110E-1
-3.95110E-1
-3.95754E-1
-3.95754E-1
-3.97043E-1
-3.95754E-1
-3.94466E-1
-3.93500E-1
-3.93500E-1
-3.93822E-1
-3.94466E-1
-3.94466E-1
-3.94466E-1
-3.94144E-1
-3.96398E-1
-3.97365E-1
-3.98009E-1
-3.98331E-1
-3.95754E-1
-3.94788E-1
-3.94788E-1
-3.95110E-1
-3.94466E-1
-3.94144E-1
-3.93822E-1
-3.94144E-1
-3.95432E-1
-3.97043E-1
-3.96076E-1
-3.95432E-1
-3.94144E-1
-3.94788E-1
-3.94788E-1
-3.94788E-1
-3.96076E-1
-3.95432E-1
-3.97043E-1
-3.98009E-1
-3.96076E-1
-3.95754E-1
-3.93500E-1
-3.90923E-1
-3.95110E-1
-3.95432E-1
-3.96076E-1
-3.95754E-1
-3.96076E-1
-3.97043E-1
-3.96720E-1
-3.97043E-1
-3.93822E-1
-3.94144E-1
-3.92533E-1
-3.92533E-1
-3.92533E-1
-3.91567E-1
-3.90923E-1
-3.93178E-1
-3.94466E-1
-3.96076E-1
-3.96398E-1
-3.96076E-1
-3.96398E-1
-3.96398E-1
-3.96720E-1
-3.97043E-1
-3.95110E-1
-3.95432E-1
-3.96076E-1
-3.89635E-1
-3.32304E-1
-2.55326E-1
-1.84145E-1
-1.30358E-1
-9.52505E-2
-7.65697E-2
-6.56189E-2
-5.56343E-2
-4.59718E-2
-3.79197E-2
-3.14780E-2
-2.66468E-2
-2.31039E-2
-2.11714E-2
-1.85947E-2
-1.66622E-2
-1.50518E-2
-1.37635E-2
-1.40855E-2
-1.27972E-2
-1.24751E-2
-1.63401E-2
-1.37635E-2
-1.24751E-2
-1.08647E-2
-1.11868E-2
-1.08647E-2
-1.24751E-2
-1.11868E-2
-1.11868E-2
-9.89847E-3
-1.02205E-2
-1.08647E-2
-1.11868E-2
-1.11868E-2
-9.89847E-3
-1.05426E-2
-1.05426E-2
-1.15089E-2
-1.11868E-2
-1.15089E-2
-1.11868E-2
-1.15089E-2
-1.11868E-2
-1.05426E-2
-1.05426E-2
-1.05426E-2
-1.08647E-2
-9.25430E-3
-9.89847E-3
-1.05426E-2
-9.89847E-3
-1.05426E-2
-9.89847E-3
-9.57638E-3
-9.57638E-3
-9.57638E-3
-1.02205E-2
-9.89847E-3
-9.89847E-3
-9.89847E-3
-9.89847E-3
-9.89847E-3
-9.25430E-3
-1.05426E-2
-9.57638E-3
-9.57638E-3
-9.57638E-3
-9.89847E-3
-9.89847E-3
-9.57638E-3
-5.38930E-3
-8.61013E-3
-1.08647E-2
-1.08647E-2
-1.02205E-2
-1.02205E-2
-9.57638E-3
-1.02205E-2
-8.93222E-3
-9.25430E-3
-9.57638E-3
-7.96597E-3
-9.25430E-3
-9.57638E-3
-8.28805E-3
-9.25430E-3
-9.25430E-3
-8.93222E-3
-8.28805E-3
-9.25430E-3
-9.25430E-3
-8.93222E-3
-9.57638E-3
-8.93222E-3
-8.93222E-3
-8.61013E-3
-8.61013E-3
-8.28805E-3
-8.61013E-3
-8.61013E-3
-7.96597E-3
-8.28805E-3
-8.28805E-3
-7.96597E-3
-7.96597E-3
-8.61013E-3
-8.61013E-3
-8.61013E-3
-8.28805E-3
-8.93222E-3
-8.28805E-3
-8.28805E-3
-8.28805E-3
-8.28805E-3
-8.93222E-3
-8.61013E-3
-8.61013E-3
-8.61013E-3
-8.28805E-3
-7.96597E-3
-1.08647E-2
-9.57638E-3
-8.93222E-3
-7.32180E-3
-7.96597E-3
-7.64388E-3
-9.57638E-3
-8.93222E-3
-7.96597E-3
-8.28805E-3
-7.64388E-3
-8.61013E-3
-7.96597E-3
-7.96597E-3
-7.96597E-3
-8.61013E-3
-9.25430E-3
-9.25430E-3
-8.93222E-3
-8.61013E-3
-9.25430E-3
-8.61013E-3
-8.93222E-3
-7.64388E-3
-8.93222E-3
-8.93222E-3
-8.93222E-3
-8.28805E-3
-9.25430E-3
-8.93222E-3
-8.28805E-3
-8.61013E-3
-8.93222E-3
-7.96597E-3
-8.28805E-3
-6.99972E-3
-7.32180E-3
-7.96597E-3
-8.61013E-3
-8.28805E-3
-7.32180E-3
-7.96597E-3
-7.96597E-3
-8.28805E-3
-8.28805E-3
-8.61013E-3
-8.28805E-3
-8.28805E-3
-8.61013E-3
-7.96597E-3
-5.71138E-3
-6.99972E-3
-8.93222E-3
-8.28805E-3
-8.93222E-3
-7.96597E-3
-6.67763E-3
-6.99972E-3
-8.61013E-3
-7.96597E-3
-7.32180E-3
-7.96597E-3
-7.64388E-3
-7.96597E-3
-7.64388E-3
-8.28805E-3
-8.28805E-3
-8.28805E-3
-8.93222E-3
-7.96597E-3
-7.96597E-3
-7.96597E-3
-8.93222E-3
-8.61013E-3
-8.28805E-3
-8.28805E-3
-8.93222E-3
-9.25430E-3
-8.28805E-3
-8.93222E-3
-9.25430E-3
-8.61013E-3
-9.25430E-3
-8.61013E-3
-8.61013E-3
-8.28805E-3
-8.28805E-3
-8.28805E-3
-7.96597E-3
-7.32180E-3
-7.96597E-3
-8.93222E-3
-8.61013E-3
-7.96597E-3
-8.61013E-3
-8.93222E-3
-8.93222E-3
-9.57638E-3
-9.25430E-3
-8.28805E-3
-1.05426E-2
-1.02205E-2
-8.61013E-3
-8.28805E-3
-7.32180E-3
-8.28805E-3
-8.93222E-3
-8.61013E-3
-8.28805E-3
-7.64388E-3
-7.32180E-3
-7.96597E-3
-8.28805E-3
-7.64388E-3
-7.64388E-3
-8.28805E-3
-8.28805E-3
-8.28805E-3
-8.61013E-3
-7.96597E-3
-8.28805E-3
-8.28805E-3
-8.28805E-3
-8.93222E-3
-8.61013E-3
-8.61013E-3
-8.93222E-3
-8.61013E-3
-8.93222E-3
-8.61013E-3
-7.64388E-3
-8.28805E-3
-8.61013E-3
-8.28805E-3
-8.61013E-3
-8.28805E-3
-7.96597E-3
-8.28805E-3
-8.93222E-3
-8.61013E-3
-8.93222E-3
-9.25430E-3
-7.96597E-3
-7.96597E-3
-9.25430E-3
-9.25430E-3
-8.28805E-3
-9.25430E-3
-7.96597E-3
-8.61013E-3
-5.38930E-3
-7.96597E-3
-9.25430E-3
-9.25430E-3
-9.25430E-3
-9.25430E-3
-8.28805E-3
-7.96597E-3
-7.96597E-3
-8.28805E-3
-7.96597E-3
-7.64388E-3
-8.93222E-3
-8.61013E-3
-8.28805E-3
-9.25430E-3
-8.28805E-3
-7.96597E-3
-7.96597E-3
-8.28805E-3
-9.25430E-3
-9.25430E-3
-8.28805E-3
-8.61013E-3
-8.28805E-3
-9.25430E-3
-8.28805E-3
-9.25430E-3
-9.25430E-3
-9.25430E-3
-8.61013E-3
-9.25430E-3
-9.25430E-3
-8.93222E-3
-8.28805E-3
-8.28805E-3
-8.28805E-3
-8.28805E-3
-9.25430E-3
-8.93222E-3
-8.93222E-3
-9.25430E-3
-9.25430E-3
-8.61013E-3
-8.61013E-3
-8.61013E-3
-8.93222E-3
-8.61013E-3
-8.28805E-3
-7.96597E-3
-1.05426E-2
-1.05426E-2
-8.28805E-3
-7.96597E-3
-7.64388E-3
-9.25430E-3
-1.02205E-2
-9.57638E-3
-7.96597E-3
-8.28805E-3
-8.61013E-3
-7.96597E-3
-7.96597E-3
-7.96597E-3
-7.96597E-3
-8.93222E-3
