6.83514E+9
4.62170E+8
-3.80784E-1
0.00000E+0
0.00000E+0
0.00000E+0
5.00000E-7
-1.02205E-2
-8.93222E-3
-9.25430E-3
-7.96597E-3
-7.64388E-3
-8.93222E-3
-7.96597E-3
-8.61013E-3
-8.28805E-3
-8.28805E-3
-7.96597E-3
-7.64388E-3
-7.96597E-3
-7.96597E-3
-7.96597E-3
-8.28805E-3
-8.61013E-3
-8.28805E-3
-9.25430E-3
-8.61013E-3
-1.02205E-2
-8.28805E-3
-8.61013E-3
-9.25430E-3
-9.25430E-3
-9.25430E-3
-9.25430E-3
-8.61013E-3
-8.61013E-3
-8.28805E-3
-9.25430E-3
-7.64388E-3
-6.35555E-3
-5.06722E-3
-1.08647E-2
-2.27818E-2
-3.50210E-2
-4.43614E-2
-4.91926E-2
-5.11251E-2
-5.30576E-2
-5.49901E-2
-5.75668E-2
-5.82110E-2
-5.69226E-2
-5.82110E-2
-6.14318E-2
-6.23980E-2
-6.33643E-2
-6.33643E-2
-6.33643E-2
-6.33643E-2
-6.33643E-2
-6.40084E-2
-6.30422E-2
-6.33643E-2
-6.36864E-2
-6.33643E-2
-6.43305E-2
-6.40084E-2
-6.43305E-2
-6.40084E-2
-6.36864E-2
-6.49747E-2
-6.43305E-2
-6.46526E-2
-6.36864E-2
-6.40084E-2
-6.43305E-2
-6.40084E-2
-6.43305E-2
-6.40084E-2
-6.43305E-2
-6.43305E-2
-6.43305E-2
-6.43305E-2
-6.49747E-2
-6.40084E-2
-6.36864E-2
-6.40084E-2
-6.43305E-2
-6.36864E-2
-6.40084E-2
-6.36864E-2
-6.33643E-2
-6.30422E-2
-6.30422E-2
-6.30422E-2
-6.30422E-2
-6.40084E-2
-6.36864E-2
-6.36864E-2
-6.33643E-2
-6.27201E-2
-6.56189E-2
-6.36864E-2
-6.14318E-2
-6.27201E-2
-6.27201E-2
-6.14318E-2
-6.14318E-2
-6.30422E-2
-6.23980E-2
-6.27201E-2
-6.23980E-2
-6.20759E-2
-6.27201E-2
-6.27201E-2
-6.23980E-2
-6.20759E-2
-6.17539E-2
-6.20759E-2
-6.20759E-2
-6.17539E-2
-6.20759E-2
-6.14318E-2
-6.20759E-2
-6.11097E-2
-6.11097E-2
-6.14318E-2
-6.14318E-2
-6.17539E-2
-6.14318E-2
-6.07876E-2
-6.04655E-2
-6.11097E-2
-6.20759E-2
-6.11097E-2
-6.07876E-2
-6.04655E-2
-5.69226E-2
-6.11097E-2
-6.04655E-2
-5.46680E-2
-4.30730E-2
-3.08339E-2
-2.21376E-2
-1.89168E-2
-1.63401E-2
-1.53739E-2
-1.53739E-2
-1.31193E-2
-1.15089E-2
-1.02205E-2
-6.35555E-3
-7.32180E-3
-8.93222E-3
-8.93222E-3
-9.57638E-3
-9.89847E-3
-8.93222E-3
-7.96597E-3
-7.64388E-3
-7.96597E-3
-7.96597E-3
-7.64388E-3
-7.96597E-3
-7.96597E-3
-7.64388E-3
-7.96597E-3
-8.28805E-3
-7.32180E-3
-7.64388E-3
-8.28805E-3
-7.32180E-3
-7.32180E-3
-6.99972E-3
-6.99972E-3
-7.32180E-3
-6.99972E-3
-6.99972E-3
-7.32180E-3
-7.96597E-3
-2.63247E-2
-9.13855E-2
-1.62566E-1
-2.19575E-1
-2.60801E-1
-2.91721E-1
-3.14267E-1
-3.32626E-1
-3.46475E-1
-3.56782E-1
-3.65800E-1
-3.72242E-1
-3.77073E-1
-3.81905E-1
-3.86736E-1
-3.89957E-1
-3.92533E-1
-3.93500E-1
-3.93500E-1
-3.94788E-1
-3.95110E-1
-3.99297E-1
-3.94466E-1
-3.90601E-1
-3.96720E-1
-3.96076E-1
-3.96076E-1
-3.98331E-1
-3.97365E-1
-3.98009E-1
-3.97687E-1
-3.98653E-1
-3.98975E-1
-4.00585E-1
-4.00263E-1
-4.00263E-1
-4.01230E-1
-4.00908E-1
-4.02196E-1
-4.00908E-1
-3.99619E-1
-3.98331E-1
-3.97043E-1
-3.98975E-1
-3.97687E-1
-3.98331E-1
-3.99297E-1
-4.00908E-1
-4.00263E-1
-3.99619E-1
-3.98653E-1
-3.97365E-1
-3.98331E-1
-3.99297E-1
-4.00263E-1
-4.02196E-1
-4.02196E-1
-4.02196E-1
-3.99619E-1
-3.99297E-1
-3.99297E-1
-3.98009E-1
-3.97043E-1
-3.96720E-1
-3.96720E-1
-3.97687E-1
-3.98653E-1
-4.00585E-1
-3.99297E-1
-3.99619E-1
-3.99619E-1
-3.98975E-1
-4.00908E-1
-4.02518E-1
-3.99941E-1
-4.01874E-1
-3.99941E-1
-3.98975E-1
-3.98009E-1
-3.98975E-1
-3.99941E-1
-3.99619E-1
-4.00585E-1
-3.99941E-1
-3.98975E-1
-3.99297E-1
-3.99297E-1
-3.97365E-1
-3.95754E-1
-3.95754E-1
-3.96720E-1
-3.98331E-1
-3.98331E-1
-3.97687E-1
-3.98975E-1
-4.00585E-1
-4.00908E-1
-3.99619E-1
-4.00263E-1
-3.95110E-1
-3.38423E-1
-2.60479E-1
-1.88655E-1
-1.33256E-1
-9.75051E-2
-7.78580E-2
-6.65851E-2
-5.66005E-2
-4.69380E-2
-3.82418E-2
-3.14780E-2
-2.69689E-2
-2.37480E-2
-2.11714E-2
-1.98830E-2
-1.79505E-2
-1.60180E-2
-1.50518E-2
-1.34414E-2
-1.40855E-2
-1.27972E-2
-1.50518E-2
-1.27972E-2
-1.15089E-2
-1.31193E-2
-1.21530E-2
-1.02205E-2
-9.89847E-3
-1.11868E-2
-1.18310E-2
-1.11868E-2
-1.05426E-2
-1.05426E-2
-1.05426E-2
-1.05426E-2
-9.89847E-3
-1.15089E-2
-1.02205E-2
-1.05426E-2
-1.08647E-2
-1.02205E-2
-1.05426E-2
-1.02205E-2
-1.02205E-2
-1.05426E-2
-1.08647E-2
-1.11868E-2
-1.08647E-2
-1.02205E-2
-1.05426E-2
-1.02205E-2
-9.89847E-3
-1.11868E-2
-1.02205E-2
-1.08647E-2
-1.08647E-2
-1.05426E-2
-1.05426E-2
-1.11868E-2
-9.89847E-3
-9.89847E-3
-9.89847E-3
-1.02205E-2
-9.89847E-3
-1.05426E-2
-1.02205E-2
-9.57638E-3
-9.89847E-3
-1.02205E-2
-9.57638E-3
-9.57638E-3
-6.99972E-3
-8.28805E-3
-9.89847E-3
-1.05426E-2
-1.05426E-2
-1.05426E-2
-9.89847E-3
-9.25430E-3
-8.61013E-3
-9.89847E-3
-9.25430E-3
-9.25430E-3
-9.89847E-3
-9.57638E-3
-9.25430E-3
-9.57638E-3
-9.25430E-3
-8.93222E-3
-8.93222E-3
-8.93222E-3
-8.61013E-3
-9.25430E-3
-9.25430E-3
-8.93222E-3
-8.61013E-3
-8.61013E-3
-8.61013E-3
-8.61013E-3
-8.93222E-3
-8.28805E-3
-8.28805E-3
-8.93222E-3
-9.25430E-3
-8.28805E-3
-8.93222E-3
-7.64388E-3
-7.96597E-3
-7.64388E-3
-8.28805E-3
-8.61013E-3
-7.96597E-3
-8.28805E-3
-8.28805E-3
-8.28805E-3
-8.28805E-3
-9.25430E-3
-8.61013E-3
-8.28805E-3
-8.93222E-3
-8.28805E-3
-1.08647E-2
-9.25430E-3
-8.28805E-3
-9.25430E-3
-8.28805E-3
-7.96597E-3
-7.64388E-3
-9.25430E-3
-8.93222E-3
-8.61013E-3
-8.28805E-3
-8.93222E-3
-9.25430E-3
-8.61013E-3
-8.93222E-3
-9.25430E-3
-8.61013E-3
-9.25430E-3
-8.61013E-3
-8.93222E-3
-9.25430E-3
-8.93222E-3
-8.28805E-3
-7.96597E-3
-7.96597E-3
-8.61013E-3
-8.28805E-3
-8.61013E-3
-8.93222E-3
-9.25430E-3
-8.61013E-3
-8.93222E-3
-8.61013E-3
-8.93222E-3
-8.61013E-3
-8.93222E-3
-9.25430E-3
-8.28805E-3
-8.93222E-3
-8.28805E-3
-8.28805E-3
-8.28805E-3
-8.61013E-3
-8.93222E-3
-8.61013E-3
-8.93222E-3
-8.61013E-3
-9.25430E-3
-8.61013E-3
-8.93222E-3
-5.71138E-3
-6.99972E-3
-9.25430E-3
-8.61013E-3
-1.02205E-2
-9.57638E-3
-8.93222E-3
-8.28805E-3
-7.64388E-3
-8.28805E-3
-8.61013E-3
-8.28805E-3
-8.28805E-3
-7.96597E-3
-7.32180E-3
-7.64388E-3
-7.64388E-3
-7.64388E-3
-7.64388E-3
-7.64388E-3
-7.32180E-3
-7.32180E-3
-7.64388E-3
-7.64388E-3
-6.99972E-3
-7.64388E-3
-8.93222E-3
-7.64388E-3
-8.28805E-3
-8.61013E-3
-8.93222E-3
-8.28805E-3
-8.28805E-3
-8.61013E-3
-8.93222E-3
-8.61013E-3
-8.61013E-3
-7.64388E-3
-7.96597E-3
-7.64388E-3
-7.64388E-3
-7.96597E-3
-8.28805E-3
-8.61013E-3
-8.93222E-3
-9.25430E-3
-9.25430E-3
-8.28805E-3
-9.25430E-3
-8.61013E-3
-1.11868E-2
-8.93222E-3
-7.32180E-3
-9.25430E-3
-7.96597E-3
-7.32180E-3
-7.32180E-3
-9.25430E-3
-9.25430E-3
-9.25430E-3
-7.96597E-3
-8.28805E-3
-8.93222E-3
-8.93222E-3
-8.93222E-3
-8.28805E-3
-8.28805E-3
-8.28805E-3
-8.61013E-3
-8.28805E-3
-8.93222E-3
-7.96597E-3
-8.28805E-3
-8.61013E-3
-7.64388E-3
-8.28805E-3
-8.61013E-3
-8.61013E-3
-7.96597E-3
-8.28805E-3
-7.64388E-3
-8.28805E-3
-7.96597E-3
-7.32180E-3
-6.99972E-3
-7.64388E-3
-7.96597E-3
-7.64388E-3
-8.28805E-3
-7.64388E-3
-7.32180E-3
-7.96597E-3
-7.64388E-3
-7.64388E-3
-7.64388E-3
-8.28805E-3
-7.32180E-3
-7.32180E-3
-7.32180E-3
-7.32180E-3
-4.74513E-3
-5.71138E-3
-7.64388E-3
-8.28805E-3
-8.93222E-3
-9.89847E-3
-8.28805E-3
-7.64388E-3
-7.64388E-3
-7.96597E-3
-9.25430E-3
-8.61013E-3
-8.28805E-3
-8.61013E-3
-8.28805E-3
-7.32180E-3
-9.25430E-3
-8.93222E-3
-8.93222E-3
-8.93222E-3
-8.61013E-3
-9.57638E-3
-7.96597E-3
-8.28805E-3
-7.96597E-3
-9.25430E-3
-8.93222E-3
-8.61013E-3
-8.61013E-3
-9.25430E-3
-9.25430E-3
-9.25430E-3
-8.28805E-3
-8.61013E-3
-9.25430E-3
-8.93222E-3
-8.28805E-3
-8.61013E-3
-8.28805E-3
-8.61013E-3
-8.61013E-3
-7.96597E-3
-8.61013E-3
-7.64388E-3
-7.96597E-3
-7.96597E-3
-6.99972E-3
-8.28805E-3
-8.28805E-3
-7.64388E-3
-1.08647E-2
-8.61013E-3
-6.67763E-3
-8.61013E-3
-8.28805E-3
-6.67763E-3
-7.64388E-3
-8.28805E-3
-8.28805E-3
-7.96597E-3
-7.96597E-3
-7.32180E-3
-7.64388E-3
-8.28805E-3
-8.28805E-3
-8.28805E-3
