6.83453E+9
4.61560E+8
-3.77748E-1
0.00000E+0
0.00000E+0
0.00000E+0
5.00000E-7
-1.18310E-2
-7.64388E-3
-7.32180E-3
-7.96597E-3
-7.96597E-3
-8.28805E-3
-7.96597E-3
-7.96597E-3
-7.64388E-3
-8.28805E-3
-7.96597E-3
-7.64388E-3
-7.96597E-3
-8.61013E-3
-6.99972E-3
-7.96597E-3
-7.32180E-3
-7.32180E-3
-7.96597E-3
-7.64388E-3
-9.25430E-3
-6.99972E-3
-7.96597E-3
-7.64388E-3
-7.96597E-3
-8.28805E-3
-8.93222E-3
-8.61013E-3
-7.96597E-3
-8.61013E-3
-8.28805E-3
-7.64388E-3
-5.71138E-3
-4.42305E-3
-5.71138E-3
-1.15089E-2
-1.73064E-2
-2.21376E-2
-2.50364E-2
-2.60026E-2
-2.79351E-2
-2.85793E-2
-2.92235E-2
-3.11560E-2
-3.11560E-2
-3.14780E-2
-3.21222E-2
-3.21222E-2
-3.24443E-2
-3.30885E-2
-3.27664E-2
-3.24443E-2
-3.21222E-2
-3.18001E-2
-3.21222E-2
-3.24443E-2
-3.27664E-2
-3.34105E-2
-3.27664E-2
-3.34105E-2
-3.37326E-2
-3.37326E-2
-3.34105E-2
-3.34105E-2
-3.34105E-2
-3.37326E-2
-3.34105E-2
-3.40547E-2
-3.34105E-2
-3.34105E-2
-3.40547E-2
-3.30885E-2
-3.34105E-2
-3.30885E-2
-3.27664E-2
-3.40547E-2
-3.34105E-2
-3.30885E-2
-3.30885E-2
-3.43768E-2
-3.43768E-2
-3.43768E-2
-3.34105E-2
-3.40547E-2
-3.40547E-2
-3.34105E-2
-3.34105E-2
-3.34105E-2
-3.40547E-2
-3.34105E-2
-3.37326E-2
-3.30885E-2
-3.30885E-2
-3.40547E-2
-3.34105E-2
-3.30885E-2
-3.37326E-2
-3.43768E-2
-3.37326E-2
-3.34105E-2
-3.34105E-2
-3.27664E-2
-3.27664E-2
-3.30885E-2
-3.34105E-2
-3.43768E-2
-3.37326E-2
-3.30885E-2
-3.37326E-2
-3.40547E-2
-3.27664E-2
-3.34105E-2
-3.27664E-2
-3.24443E-2
-3.24443E-2
-3.24443E-2
-3.34105E-2
-3.27664E-2
-3.30885E-2
-3.24443E-2
-3.27664E-2
-3.34105E-2
-3.27664E-2
-3.30885E-2
-3.30885E-2
-3.30885E-2
-3.21222E-2
-3.24443E-2
-3.24443E-2
-3.30885E-2
-2.76130E-2
-3.27664E-2
-3.30885E-2
-3.05118E-2
-2.53585E-2
-1.92389E-2
-1.47297E-2
-1.27972E-2
-1.08647E-2
-1.05426E-2
-1.18310E-2
-9.89847E-3
-8.61013E-3
-8.28805E-3
-8.61013E-3
-7.96597E-3
-8.61013E-3
-7.96597E-3
-8.28805E-3
-7.96597E-3
-8.28805E-3
-8.28805E-3
-7.96597E-3
-7.64388E-3
-7.96597E-3
-8.61013E-3
-7.64388E-3
-7.96597E-3
-7.96597E-3
-7.96597E-3
-8.93222E-3
-7.64388E-3
-8.28805E-3
-7.32180E-3
-7.96597E-3
-7.32180E-3
-7.32180E-3
-7.64388E-3
-6.99972E-3
-6.99972E-3
-6.99972E-3
-6.35555E-3
-7.32180E-3
-2.24597E-2
-8.30114E-2
-1.54192E-1
-2.11523E-1
-2.54360E-1
-2.85924E-1
-3.08470E-1
-3.25862E-1
-3.38745E-1
-3.50018E-1
-3.58715E-1
-3.66123E-1
-3.73208E-1
-3.78040E-1
-3.82227E-1
-3.85770E-1
-3.88668E-1
-3.89635E-1
-3.90601E-1
-3.92533E-1
-3.93178E-1
-3.92855E-1
-3.93178E-1
-3.93822E-1
-3.92533E-1
-3.92533E-1
-3.93178E-1
-3.94144E-1
-3.93178E-1
-3.93500E-1
-3.94788E-1
-3.95110E-1
-3.95110E-1
-3.96076E-1
-3.97365E-1
-3.97043E-1
-3.98975E-1
-3.98331E-1
-3.97687E-1
-3.96076E-1
-3.94788E-1
-3.94788E-1
-3.94466E-1
-3.94788E-1
-3.95110E-1
-3.94466E-1
-3.94788E-1
-3.95110E-1
-3.95754E-1
-3.96398E-1
-3.96720E-1
-3.97687E-1
-3.99297E-1
-3.98975E-1
-3.99297E-1
-3.98975E-1
-3.98009E-1
-3.98975E-1
-3.98009E-1
-3.98009E-1
-3.96720E-1
-3.97043E-1
-3.97043E-1
-3.97043E-1
-3.94466E-1
-3.95110E-1
-3.95754E-1
-3.97365E-1
-3.96720E-1
-3.96076E-1
-3.96076E-1
-3.97687E-1
-3.98653E-1
-3.98975E-1
-3.96398E-1
-3.95754E-1
-3.92855E-1
-3.92855E-1
-3.93822E-1
-3.95754E-1
-3.97365E-1
-3.96720E-1
-3.95754E-1
-3.95432E-1
-3.96720E-1
-3.95754E-1
-3.95754E-1
-3.96720E-1
-3.95754E-1
-3.97043E-1
-3.96720E-1
-3.97043E-1
-3.98331E-1
-3.97365E-1
-3.95432E-1
-3.94788E-1
-3.95754E-1
-3.96720E-1
-3.98653E-1
-3.91567E-1
-3.33592E-1
-2.57258E-1
-1.85434E-1
-1.31002E-1
-9.71830E-2
-7.72139E-2
-6.52968E-2
-5.69226E-2
-4.72601E-2
-3.75976E-2
-3.14780E-2
-2.76130E-2
-2.43922E-2
-2.18155E-2
-1.95610E-2
-1.76285E-2
-1.69843E-2
-1.47297E-2
-1.40855E-2
-1.37635E-2
-1.27972E-2
-1.31193E-2
-1.31193E-2
-1.24751E-2
-1.27972E-2
-1.21530E-2
-1.15089E-2
-1.18310E-2
-1.08647E-2
-1.11868E-2
-1.18310E-2
-1.18310E-2
-1.15089E-2
-1.11868E-2
-1.05426E-2
-1.08647E-2
-1.05426E-2
-1.11868E-2
-1.05426E-2
-1.05426E-2
-1.02205E-2
-1.05426E-2
-1.08647E-2
-1.05426E-2
-1.05426E-2
-1.11868E-2
-1.08647E-2
-1.05426E-2
-1.02205E-2
-1.05426E-2
-1.11868E-2
-1.08647E-2
-1.08647E-2
-1.08647E-2
-1.05426E-2
-1.05426E-2
-1.05426E-2
-1.11868E-2
-1.05426E-2
-1.05426E-2
-1.05426E-2
-1.02205E-2
-9.57638E-3
-1.05426E-2
-1.02205E-2
-1.02205E-2
-9.25430E-3
-8.93222E-3
-9.57638E-3
-8.93222E-3
-9.89847E-3
-9.25430E-3
-9.25430E-3
-9.57638E-3
-9.57638E-3
-9.57638E-3
-9.25430E-3
-9.25430E-3
-8.93222E-3
-9.57638E-3
-8.28805E-3
-8.93222E-3
-9.57638E-3
-9.57638E-3
-9.89847E-3
-9.57638E-3
-9.57638E-3
-1.02205E-2
-9.25430E-3
-9.57638E-3
-9.57638E-3
-9.89847E-3
-9.25430E-3
-9.89847E-3
-9.57638E-3
-8.61013E-3
-9.89847E-3
-9.89847E-3
-1.02205E-2
-9.57638E-3
-9.57638E-3
-9.89847E-3
-9.89847E-3
-9.57638E-3
-9.89847E-3
-9.57638E-3
-9.89847E-3
-1.05426E-2
-9.57638E-3
-9.57638E-3
-9.89847E-3
-9.25430E-3
-9.57638E-3
-9.57638E-3
-9.25430E-3
-9.57638E-3
-9.57638E-3
-9.57638E-3
-8.61013E-3
-9.25430E-3
-9.25430E-3
-9.25430E-3
-9.25430E-3
-9.25430E-3
-8.61013E-3
-8.61013E-3
-8.93222E-3
-8.28805E-3
-8.61013E-3
-9.57638E-3
-8.61013E-3
-8.93222E-3
-8.28805E-3
-9.25430E-3
-8.61013E-3
-9.25430E-3
-9.25430E-3
-8.61013E-3
-9.25430E-3
-8.61013E-3
-8.61013E-3
-9.25430E-3
-8.93222E-3
-9.25430E-3
-9.25430E-3
-9.25430E-3
-9.89847E-3
-9.25430E-3
-9.57638E-3
-9.25430E-3
-8.93222E-3
-8.93222E-3
-9.25430E-3
-9.57638E-3
-9.25430E-3
-9.25430E-3
-9.57638E-3
-8.61013E-3
-9.25430E-3
-8.93222E-3
-9.25430E-3
-9.25430E-3
-9.25430E-3
-8.61013E-3
-9.25430E-3
-9.25430E-3
-8.61013E-3
-8.61013E-3
-8.28805E-3
-8.61013E-3
-9.25430E-3
-8.61013E-3
-8.61013E-3
-8.28805E-3
-9.25430E-3
-8.61013E-3
-8.28805E-3
-8.93222E-3
-8.28805E-3
-8.93222E-3
-8.93222E-3
-8.93222E-3
-8.61013E-3
-8.93222E-3
-8.61013E-3
-9.25430E-3
-8.28805E-3
-9.25430E-3
-8.93222E-3
-8.93222E-3
-9.25430E-3
-8.93222E-3
-8.61013E-3
-8.93222E-3
-9.25430E-3
-9.25430E-3
-9.25430E-3
-9.89847E-3
-8.61013E-3
-8.61013E-3
-8.61013E-3
-9.25430E-3
-8.61013E-3
-8.61013E-3
-9.25430E-3
-8.93222E-3
-8.61013E-3
-9.57638E-3
-9.25430E-3
-9.57638E-3
-8.61013E-3
-9.25430E-3
-9.25430E-3
-9.57638E-3
-8.93222E-3
-9.25430E-3
-9.25430E-3
-8.93222E-3
-8.61013E-3
-8.61013E-3
-8.61013E-3
-8.61013E-3
-8.61013E-3
-8.93222E-3
-8.93222E-3
-9.25430E-3
-9.89847E-3
-9.25430E-3
-9.57638E-3
-9.57638E-3
-8.93222E-3
-9.25430E-3
-8.61013E-3
-8.61013E-3
-8.28805E-3
-7.96597E-3
-8.61013E-3
-8.28805E-3
-8.61013E-3
-8.61013E-3
-8.61013E-3
-8.93222E-3
-9.25430E-3
-9.25430E-3
-9.25430E-3
-8.93222E-3
-9.57638E-3
-9.25430E-3
-8.61013E-3
-8.28805E-3
-8.61013E-3
-8.28805E-3
-8.61013E-3
-9.57638E-3
-9.57638E-3
-9.25430E-3
-9.89847E-3
-9.57638E-3
-9.89847E-3
-9.57638E-3
-9.57638E-3
-9.25430E-3
-8.93222E-3
-8.61013E-3
-8.28805E-3
-9.25430E-3
-8.28805E-3
-9.57638E-3
-9.89847E-3
-1.02205E-2
-9.57638E-3
-8.61013E-3
-9.25430E-3
-8.93222E-3
-9.25430E-3
-8.61013E-3
-8.61013E-3
-8.28805E-3
-8.61013E-3
-8.61013E-3
-8.93222E-3
-8.61013E-3
-8.93222E-3
-8.28805E-3
-8.93222E-3
-9.25430E-3
-8.28805E-3
-7.96597E-3
-8.61013E-3
-8.28805E-3
-8.93222E-3
-9.25430E-3
-9.25430E-3
-9.25430E-3
-8.61013E-3
-8.93222E-3
-8.28805E-3
-8.61013E-3
-8.61013E-3
-9.25430E-3
-8.28805E-3
-8.61013E-3
-8.28805E-3
-8.28805E-3
-8.61013E-3
-8.93222E-3
-8.93222E-3
-9.25430E-3
-8.93222E-3
-8.93222E-3
-8.93222E-3
-8.93222E-3
-8.93222E-3
-9.89847E-3
-9.25430E-3
-9.25430E-3
-9.25430E-3
-9.25430E-3
-9.57638E-3
-9.57638E-3
-9.25430E-3
-9.89847E-3
-9.89847E-3
-9.25430E-3
-9.25430E-3
-9.57638E-3
-8.93222E-3
-8.93222E-3
-9.25430E-3
-8.93222E-3
-9.25430E-3
-8.61013E-3
-8.93222E-3
-8.61013E-3
-8.93222E-3
-9.25430E-3
-8.93222E-3
