6.83420E+9
4.61230E+8
-3.04772E-1
0.00000E+0
0.00000E+0
0.00000E+0
5.00000E-7
-1.08647E-2
-7.64388E-3
-7.32180E-3
-8.28805E-3
-7.32180E-3
-7.96597E-3
-6.99972E-3
-8.28805E-3
-8.28805E-3
-7.96597E-3
-8.28805E-3
-7.32180E-3
-8.28805E-3
-7.32180E-3
-7.64388E-3
-7.64388E-3
-7.96597E-3
-7.32180E-3
-7.64388E-3
-7.32180E-3
-7.32180E-3
-6.99972E-3
-7.32180E-3
-6.99972E-3
-7.64388E-3
-7.64388E-3
-7.32180E-3
-7.64388E-3
-8.28805E-3
-7.32180E-3
-7.64388E-3
-6.99972E-3
-5.06722E-3
-3.77888E-3
-6.03347E-3
-1.31193E-2
-2.14935E-2
-2.72910E-2
-3.05118E-2
-3.14780E-2
-3.34105E-2
-3.43768E-2
-3.56651E-2
-3.66314E-2
-3.79197E-2
-3.82418E-2
-3.82418E-2
-3.85639E-2
-3.85639E-2
-3.85639E-2
-3.92080E-2
-3.98522E-2
-4.01743E-2
-4.08185E-2
-4.01743E-2
-4.08185E-2
-4.08185E-2
-4.08185E-2
-4.04964E-2
-4.08185E-2
-4.01743E-2
-4.04964E-2
-4.14626E-2
-4.04964E-2
-4.14626E-2
-4.04964E-2
-4.08185E-2
-4.04964E-2
-4.04964E-2
-4.04964E-2
-4.01743E-2
-4.01743E-2
-4.04964E-2
-3.98522E-2
-4.01743E-2
-4.01743E-2
-3.92080E-2
-4.04964E-2
-4.01743E-2
-4.01743E-2
-4.01743E-2
-4.04964E-2
-3.98522E-2
-3.98522E-2
-3.98522E-2
-3.98522E-2
-4.01743E-2
-4.01743E-2
-3.95301E-2
-3.95301E-2
-3.92080E-2
-4.01743E-2
-4.01743E-2
-4.04964E-2
-3.98522E-2
-4.08185E-2
-4.01743E-2
-4.04964E-2
-4.04964E-2
-4.01743E-2
-4.08185E-2
-4.04964E-2
-4.08185E-2
-4.11405E-2
-4.04964E-2
-4.08185E-2
-4.04964E-2
-4.08185E-2
-4.04964E-2
-3.98522E-2
-4.04964E-2
-4.01743E-2
-3.95301E-2
-4.01743E-2
-4.01743E-2
-3.88860E-2
-3.92080E-2
-3.95301E-2
-3.95301E-2
-3.95301E-2
-4.01743E-2
-4.04964E-2
-3.95301E-2
-4.04964E-2
-3.88860E-2
-3.95301E-2
-3.88860E-2
-3.88860E-2
-3.92080E-2
-3.92080E-2
-3.50210E-2
-3.85639E-2
-3.92080E-2
-3.53430E-2
-2.85793E-2
-2.14935E-2
-1.56960E-2
-1.40855E-2
-1.21530E-2
-1.18310E-2
-1.11868E-2
-9.25430E-3
-8.93222E-3
-8.61013E-3
-7.64388E-3
-7.64388E-3
-7.64388E-3
-7.64388E-3
-7.32180E-3
-7.32180E-3
-7.64388E-3
-7.32180E-3
-6.67763E-3
-6.35555E-3
-6.99972E-3
-6.99972E-3
-6.67763E-3
-6.99972E-3
-7.32180E-3
-7.32180E-3
-7.96597E-3
-6.99972E-3
-7.32180E-3
-7.64388E-3
-7.32180E-3
-6.99972E-3
-6.99972E-3
-6.35555E-3
-6.35555E-3
-6.67763E-3
-7.32180E-3
-6.67763E-3
-6.99972E-3
-2.08493E-2
-7.04501E-2
-1.29069E-1
-1.76738E-1
-2.11845E-1
-2.37611E-1
-2.55648E-1
-2.71430E-1
-2.80126E-1
-2.89145E-1
-2.96875E-1
-3.02350E-1
-3.06859E-1
-3.09758E-1
-3.12979E-1
-3.15555E-1
-3.19420E-1
-3.20709E-1
-3.20709E-1
-3.20065E-1
-3.19743E-1
-3.19098E-1
-3.20065E-1
-3.19098E-1
-3.20065E-1
-3.21031E-1
-3.21675E-1
-3.21675E-1
-3.19743E-1
-3.20387E-1
-3.21031E-1
-3.21997E-1
-3.22641E-1
-3.21997E-1
-3.22963E-1
-3.22963E-1
-3.23285E-1
-3.23930E-1
-3.23930E-1
-3.22319E-1
-3.22641E-1
-3.22963E-1
-3.21353E-1
-3.21031E-1
-3.21997E-1
-3.22963E-1
-3.22641E-1
-3.23285E-1
-3.23608E-1
-3.23608E-1
-3.24252E-1
-3.23608E-1
-3.23930E-1
-3.23930E-1
-3.23285E-1
-3.23930E-1
-3.23930E-1
-3.24574E-1
-3.24896E-1
-3.24574E-1
-3.23608E-1
-3.22963E-1
-3.22641E-1
-3.21997E-1
-3.22641E-1
-3.22641E-1
-3.23285E-1
-3.22963E-1
-3.22641E-1
-3.23608E-1
-3.24574E-1
-3.24252E-1
-3.24574E-1
-3.24896E-1
-3.24896E-1
-3.24574E-1
-3.23930E-1
-3.23285E-1
-3.23285E-1
-3.23608E-1
-3.23285E-1
-3.22641E-1
-3.21997E-1
-3.22641E-1
-3.22641E-1
-3.22319E-1
-3.21031E-1
-3.21675E-1
-3.22319E-1
-3.22319E-1
-3.22641E-1
-3.21031E-1
-3.22641E-1
-3.24252E-1
-3.24252E-1
-3.23930E-1
-3.23608E-1
-3.23930E-1
-3.25540E-1
-3.21997E-1
-2.75939E-1
-2.12489E-1
-1.52903E-1
-1.07812E-1
-8.01126E-2
-6.49747E-2
-5.56343E-2
-4.72601E-2
-3.92080E-2
-3.27664E-2
-2.72910E-2
-2.34260E-2
-2.05272E-2
-1.89168E-2
-1.69843E-2
-1.63401E-2
-1.47297E-2
-1.40855E-2
-1.31193E-2
-1.27972E-2
-1.18310E-2
-1.21530E-2
-1.21530E-2
-1.21530E-2
-1.21530E-2
-1.08647E-2
-1.11868E-2
-1.08647E-2
-1.11868E-2
-1.05426E-2
-1.05426E-2
-1.05426E-2
-1.08647E-2
-1.05426E-2
-1.05426E-2
-1.05426E-2
-9.89847E-3
-1.05426E-2
-1.05426E-2
-9.89847E-3
-9.89847E-3
-9.57638E-3
-1.02205E-2
-9.89847E-3
-1.02205E-2
-1.05426E-2
-9.89847E-3
-9.25430E-3
-9.57638E-3
-9.89847E-3
-8.93222E-3
-9.57638E-3
-9.89847E-3
-9.57638E-3
-8.93222E-3
-9.25430E-3
-9.57638E-3
-9.57638E-3
-9.25430E-3
-9.25430E-3
-9.57638E-3
-9.25430E-3
-1.02205E-2
-9.25430E-3
-9.25430E-3
-1.02205E-2
-9.89847E-3
-9.25430E-3
-9.25430E-3
-9.25430E-3
-7.96597E-3
-9.25430E-3
-8.61013E-3
-8.61013E-3
-8.61013E-3
-9.25430E-3
-8.61013E-3
-9.57638E-3
-9.57638E-3
-9.89847E-3
-9.25430E-3
-9.57638E-3
-8.61013E-3
-9.25430E-3
-8.61013E-3
-8.93222E-3
-8.61013E-3
-8.93222E-3
-8.93222E-3
-8.93222E-3
-9.25430E-3
-7.96597E-3
-9.57638E-3
-9.25430E-3
-8.93222E-3
-8.28805E-3
-7.64388E-3
-8.28805E-3
-8.61013E-3
-8.28805E-3
-8.28805E-3
-8.61013E-3
-9.25430E-3
-9.25430E-3
-9.25430E-3
-8.61013E-3
-7.96597E-3
-8.93222E-3
-9.25430E-3
-8.28805E-3
-8.61013E-3
-8.28805E-3
-8.28805E-3
-7.96597E-3
-7.96597E-3
-8.61013E-3
-7.96597E-3
-8.28805E-3
-8.61013E-3
-9.25430E-3
-9.25430E-3
-8.93222E-3
-8.93222E-3
-8.61013E-3
-9.25430E-3
-9.25430E-3
-8.93222E-3
-8.61013E-3
-8.28805E-3
-7.96597E-3
-7.64388E-3
-8.28805E-3
-8.61013E-3
-8.61013E-3
-8.61013E-3
-8.28805E-3
-8.61013E-3
-8.61013E-3
-8.28805E-3
-8.93222E-3
-8.61013E-3
-8.61013E-3
-8.93222E-3
-8.93222E-3
-8.28805E-3
-9.25430E-3
-9.25430E-3
-9.25430E-3
-8.93222E-3
-8.28805E-3
-8.28805E-3
-8.61013E-3
-8.28805E-3
-8.28805E-3
-8.28805E-3
-8.28805E-3
-8.28805E-3
-8.93222E-3
-8.28805E-3
-7.96597E-3
-8.28805E-3
-8.28805E-3
-8.28805E-3
-8.61013E-3
-7.96597E-3
-7.96597E-3
-8.28805E-3
-8.28805E-3
-8.61013E-3
-7.64388E-3
-7.32180E-3
-7.96597E-3
-7.96597E-3
-8.28805E-3
-7.32180E-3
-8.28805E-3
-7.96597E-3
-8.28805E-3
-8.28805E-3
-8.61013E-3
-7.64388E-3
-8.28805E-3
-8.61013E-3
-8.28805E-3
-7.64388E-3
-7.64388E-3
-8.28805E-3
-7.64388E-3
-7.64388E-3
-7.96597E-3
-7.96597E-3
-8.28805E-3
-7.96597E-3
-8.28805E-3
-8.93222E-3
-7.96597E-3
-8.28805E-3
-8.61013E-3
-8.28805E-3
-8.61013E-3
-8.61013E-3
-7.96597E-3
-8.28805E-3
-7.96597E-3
-8.61013E-3
-8.28805E-3
-8.61013E-3
-8.28805E-3
-7.64388E-3
-8.28805E-3
-7.96597E-3
-7.64388E-3
-8.28805E-3
-8.28805E-3
-8.28805E-3
-8.61013E-3
-8.28805E-3
-7.96597E-3
-8.93222E-3
-9.25430E-3
-7.96597E-3
-7.96597E-3
-8.61013E-3
-8.28805E-3
-8.61013E-3
-8.28805E-3
-8.93222E-3
-8.28805E-3
-7.96597E-3
-8.61013E-3
-7.96597E-3
-8.28805E-3
-8.93222E-3
-8.28805E-3
-8.28805E-3
-9.25430E-3
-9.25430E-3
-9.25430E-3
-8.28805E-3
-8.61013E-3
-8.28805E-3
-8.28805E-3
-8.28805E-3
-7.96597E-3
-8.93222E-3
-8.93222E-3
-8.28805E-3
-8.61013E-3
-8.93222E-3
-8.93222E-3
-8.93222E-3
-7.96597E-3
-7.96597E-3
-8.61013E-3
-7.96597E-3
-8.28805E-3
-7.64388E-3
-7.32180E-3
-7.96597E-3
-9.25430E-3
-7.96597E-3
-8.61013E-3
-8.28805E-3
-8.28805E-3
-8.61013E-3
-7.32180E-3
-7.96597E-3
-7.96597E-3
-8.28805E-3
-7.96597E-3
-7.64388E-3
-7.64388E-3
-8.28805E-3
-8.28805E-3
-7.64388E-3
-8.28805E-3
-8.28805E-3
-7.96597E-3
-7.32180E-3
-7.96597E-3
-7.96597E-3
-7.96597E-3
-9.57638E-3
-8.28805E-3
-8.61013E-3
-8.28805E-3
-8.28805E-3
-7.64388E-3
-8.61013E-3
-8.28805E-3
-8.28805E-3
-8.28805E-3
-7.96597E-3
-8.28805E-3
-8.61013E-3
-8.61013E-3
-8.28805E-3
-7.96597E-3
-8.61013E-3
-8.61013E-3
-8.93222E-3
-9.25430E-3
-9.25430E-3
-8.93222E-3
-9.25430E-3
-8.28805E-3
-8.61013E-3
-7.96597E-3
-7.96597E-3
-7.96597E-3
-8.61013E-3
-8.28805E-3
-8.28805E-3
-8.28805E-3
-7.64388E-3
-8.61013E-3
-7.96597E-3
-8.28805E-3
-7.96597E-3
-7.64388E-3
-7.32180E-3
-8.28805E-3
-7.96597E-3
-8.61013E-3
-8.93222E-3
-8.93222E-3
-8.93222E-3
-8.93222E-3
-8.61013E-3
-8.61013E-3
-7.96597E-3
-8.61013E-3
-7.96597E-3
-8.28805E-3
-7.96597E-3
-7.96597E-3
-8.28805E-3
