6.83494E+9
4.61970E+8
-3.80625E-1
0.00000E+0
0.00000E+0
0.00000E+0
5.00000E-7
-1.15089E-2
-8.93222E-3
-1.21530E-2
-1.08647E-2
-9.25430E-3
-7.32180E-3
-6.67763E-3
-7.64388E-3
-9.25430E-3
-7.96597E-3
-7.32180E-3
-7.64388E-3
-7.64388E-3
-8.28805E-3
-7.96597E-3
-8.28805E-3
-7.96597E-3
-8.61013E-3
-7.64388E-3
-8.61013E-3
-9.89847E-3
-8.28805E-3
-8.93222E-3
-8.93222E-3
-9.57638E-3
-9.25430E-3
-8.61013E-3
-9.25430E-3
-8.93222E-3
-8.28805E-3
-8.61013E-3
-8.28805E-3
-6.67763E-3
-4.74513E-3
-8.93222E-3
-1.76285E-2
-2.79351E-2
-3.43768E-2
-3.75976E-2
-3.92080E-2
-3.95301E-2
-4.17847E-2
-4.27510E-2
-4.40393E-2
-4.50055E-2
-4.62939E-2
-4.56497E-2
-4.62939E-2
-4.72601E-2
-4.69380E-2
-4.72601E-2
-4.75822E-2
-4.37172E-2
-4.59718E-2
-4.82264E-2
-5.01589E-2
-4.88705E-2
-4.75822E-2
-4.69380E-2
-4.79043E-2
-4.88705E-2
-4.88705E-2
-4.88705E-2
-4.91926E-2
-4.95147E-2
-4.98368E-2
-4.95147E-2
-4.88705E-2
-4.85485E-2
-4.88705E-2
-4.82264E-2
-4.85485E-2
-4.85485E-2
-4.82264E-2
-4.75822E-2
-4.88705E-2
-4.88705E-2
-4.88705E-2
-4.85485E-2
-4.82264E-2
-4.91926E-2
-4.85485E-2
-4.88705E-2
-4.88705E-2
-4.91926E-2
-4.82264E-2
-4.85485E-2
-4.88705E-2
-4.88705E-2
-4.85485E-2
-4.82264E-2
-4.85485E-2
-4.72601E-2
-4.79043E-2
-4.85485E-2
-4.85485E-2
-4.75822E-2
-4.79043E-2
-4.72601E-2
-4.79043E-2
-4.85485E-2
-4.66160E-2
-4.91926E-2
-4.98368E-2
-4.85485E-2
-4.53276E-2
-4.59718E-2
-4.69380E-2
-4.85485E-2
-4.72601E-2
-4.59718E-2
-4.66160E-2
-4.69380E-2
-4.75822E-2
-4.72601E-2
-4.72601E-2
-4.72601E-2
-4.66160E-2
-4.72601E-2
-4.59718E-2
-4.69380E-2
-4.62939E-2
-4.62939E-2
-4.66160E-2
-4.59718E-2
-4.62939E-2
-4.62939E-2
-4.62939E-2
-4.62939E-2
-4.69380E-2
-4.21068E-2
-4.75822E-2
-4.69380E-2
-4.24289E-2
-3.53430E-2
-2.50364E-2
-1.85947E-2
-1.56960E-2
-1.47297E-2
-1.40855E-2
-1.47297E-2
-1.18310E-2
-1.08647E-2
-1.05426E-2
-8.61013E-3
-9.25430E-3
-9.25430E-3
-8.28805E-3
-8.61013E-3
-8.28805E-3
-8.28805E-3
-7.96597E-3
-4.42305E-3
-5.71138E-3
-8.61013E-3
-1.08647E-2
-1.02205E-2
-8.93222E-3
-7.64388E-3
-8.28805E-3
-9.89847E-3
-8.61013E-3
-8.93222E-3
-7.96597E-3
-7.96597E-3
-8.28805E-3
-8.61013E-3
-7.96597E-3
-7.96597E-3
-8.61013E-3
-7.64388E-3
-7.64388E-3
-7.64388E-3
-2.47143E-2
-8.62322E-2
-1.57735E-1
-2.14743E-1
-2.57580E-1
-2.89467E-1
-3.13623E-1
-3.32948E-1
-3.46798E-1
-3.57426E-1
-3.65478E-1
-3.73208E-1
-3.77395E-1
-3.81583E-1
-3.83837E-1
-3.86414E-1
-3.88024E-1
-3.89635E-1
-3.91889E-1
-3.94466E-1
-3.94788E-1
-3.95754E-1
-3.94144E-1
-3.93822E-1
-3.95110E-1
-3.94788E-1
-3.94788E-1
-3.96076E-1
-3.95432E-1
-3.95110E-1
-3.98975E-1
-3.98331E-1
-3.95432E-1
-3.99297E-1
-3.99941E-1
-4.00908E-1
-3.99297E-1
-3.99619E-1
-4.01230E-1
-4.02518E-1
-4.02518E-1
-4.02518E-1
-4.02518E-1
-4.01552E-1
-4.01230E-1
-4.00263E-1
-3.98653E-1
-3.98975E-1
-3.98653E-1
-3.98009E-1
-3.98009E-1
-3.98009E-1
-3.97365E-1
-3.97687E-1
-3.98009E-1
-3.99619E-1
-4.01230E-1
-3.99941E-1
-3.98653E-1
-3.97365E-1
-3.96076E-1
-3.97687E-1
-3.98009E-1
-3.98975E-1
-3.97687E-1
-3.98009E-1
-3.98975E-1
-4.02518E-1
-4.02196E-1
-4.01552E-1
-4.00908E-1
-3.99619E-1
-3.97687E-1
-3.98653E-1
-4.00263E-1
-4.00908E-1
-4.02196E-1
-4.00908E-1
-3.99619E-1
-4.03162E-1
-4.00263E-1
-4.01230E-1
-4.02518E-1
-4.00908E-1
-3.98653E-1
-3.98653E-1
-3.99297E-1
-3.99941E-1
-3.98975E-1
-3.98331E-1
-3.97365E-1
-3.98975E-1
-3.99297E-1
-3.98975E-1
-3.99297E-1
-3.99941E-1
-3.99619E-1
-3.99941E-1
-4.02196E-1
-3.96076E-1
-3.39390E-1
-2.61445E-1
-1.89299E-1
-1.33901E-1
-9.84714E-2
-7.88243E-2
-6.72293E-2
-5.78889E-2
-4.72601E-2
-3.98522E-2
-3.18001E-2
-2.72910E-2
-2.47143E-2
-2.27818E-2
-2.08493E-2
-1.92389E-2
-1.66622E-2
-1.60180E-2
-1.47297E-2
-1.40855E-2
-1.37635E-2
-1.27972E-2
-1.21530E-2
-1.21530E-2
-1.18310E-2
-1.21530E-2
-1.21530E-2
-1.18310E-2
-1.18310E-2
-1.47297E-2
-1.37635E-2
-1.27972E-2
-9.25430E-3
-9.25430E-3
-1.02205E-2
-1.21530E-2
-1.05426E-2
-1.05426E-2
-9.89847E-3
-1.02205E-2
-1.05426E-2
-1.05426E-2
-1.11868E-2
-1.11868E-2
-1.11868E-2
-1.11868E-2
-1.08647E-2
-1.05426E-2
-1.11868E-2
-1.05426E-2
-1.08647E-2
-1.11868E-2
-1.08647E-2
-1.05426E-2
-9.89847E-3
-1.05426E-2
-1.02205E-2
-1.15089E-2
-1.02205E-2
-1.08647E-2
-1.05426E-2
-1.05426E-2
-1.02205E-2
-1.11868E-2
-1.05426E-2
-1.02205E-2
-1.02205E-2
-9.57638E-3
-9.89847E-3
-1.02205E-2
-1.02205E-2
-9.57638E-3
-1.02205E-2
-9.25430E-3
-9.25430E-3
-9.25430E-3
-9.89847E-3
-9.25430E-3
-9.57638E-3
-5.71138E-3
-7.32180E-3
-9.89847E-3
-1.11868E-2
-1.11868E-2
-1.05426E-2
-8.28805E-3
-8.93222E-3
-9.89847E-3
-9.89847E-3
-9.25430E-3
-9.25430E-3
-9.57638E-3
-9.25430E-3
-9.25430E-3
-9.57638E-3
-8.93222E-3
-8.61013E-3
-8.61013E-3
-9.25430E-3
-8.93222E-3
-9.25430E-3
-9.25430E-3
-9.25430E-3
-9.25430E-3
-9.89847E-3
-8.93222E-3
-9.25430E-3
-9.25430E-3
-8.28805E-3
-9.25430E-3
-8.93222E-3
-8.28805E-3
-8.61013E-3
-8.28805E-3
-9.25430E-3
-8.93222E-3
-7.96597E-3
-8.61013E-3
-8.93222E-3
-9.25430E-3
-9.25430E-3
-9.57638E-3
-9.25430E-3
-9.25430E-3
-9.25430E-3
-8.93222E-3
-9.25430E-3
-8.28805E-3
-7.96597E-3
-1.18310E-2
-1.18310E-2
-1.05426E-2
-6.35555E-3
-6.99972E-3
-7.64388E-3
-9.89847E-3
-7.96597E-3
-7.64388E-3
-7.96597E-3
-8.28805E-3
-8.61013E-3
-8.61013E-3
-8.28805E-3
-7.96597E-3
-8.61013E-3
-8.61013E-3
-8.93222E-3
-8.61013E-3
-9.57638E-3
-8.61013E-3
-8.61013E-3
-8.61013E-3
-8.93222E-3
-8.61013E-3
-7.96597E-3
-8.28805E-3
-8.61013E-3
-8.28805E-3
-7.64388E-3
-8.28805E-3
-8.61013E-3
-8.28805E-3
-8.28805E-3
-8.93222E-3
-8.28805E-3
-7.96597E-3
-7.64388E-3
-8.28805E-3
-7.32180E-3
-7.96597E-3
-7.32180E-3
-8.28805E-3
-7.64388E-3
-8.61013E-3
-8.61013E-3
-8.61013E-3
-8.61013E-3
-7.96597E-3
-8.61013E-3
-4.74513E-3
-6.35555E-3
-8.61013E-3
-1.02205E-2
-9.89847E-3
-8.93222E-3
-6.99972E-3
-8.28805E-3
-8.61013E-3
-8.61013E-3
-8.28805E-3
-8.61013E-3
-8.28805E-3
-8.28805E-3
-9.25430E-3
-8.28805E-3
-8.61013E-3
-8.93222E-3
-1.05426E-2
-8.28805E-3
-8.28805E-3
-8.93222E-3
-8.61013E-3
-8.93222E-3
-8.28805E-3
-7.64388E-3
-8.28805E-3
-8.93222E-3
-7.96597E-3
-8.61013E-3
-8.61013E-3
-9.25430E-3
-8.28805E-3
-8.28805E-3
-8.28805E-3
-9.25430E-3
-7.96597E-3
-8.28805E-3
-8.28805E-3
-7.96597E-3
-7.96597E-3
-8.61013E-3
-7.96597E-3
-8.28805E-3
-7.64388E-3
-7.32180E-3
-7.96597E-3
-7.32180E-3
-7.96597E-3
-7.32180E-3
-1.15089E-2
-1.05426E-2
-8.93222E-3
-5.71138E-3
-6.99972E-3
-7.64388E-3
-9.25430E-3
-8.61013E-3
-7.96597E-3
-9.25430E-3
-8.28805E-3
-8.61013E-3
-8.61013E-3
-7.96597E-3
-8.28805E-3
-8.93222E-3
-8.93222E-3
-7.96597E-3
-8.61013E-3
-7.96597E-3
-8.28805E-3
-8.61013E-3
-9.25430E-3
-8.28805E-3
-8.61013E-3
-9.25430E-3
-7.96597E-3
-8.93222E-3
-8.28805E-3
-8.28805E-3
-8.61013E-3
-8.61013E-3
-7.96597E-3
-7.64388E-3
-8.61013E-3
-8.93222E-3
-8.61013E-3
-9.25430E-3
-8.28805E-3
-8.93222E-3
-8.61013E-3
-9.25430E-3
-8.28805E-3
-8.28805E-3
-8.61013E-3
-7.64388E-3
-8.28805E-3
-7.32180E-3
-7.32180E-3
-7.64388E-3
-4.10097E-3
-5.06722E-3
-8.28805E-3
-9.57638E-3
-9.89847E-3
-9.25430E-3
-6.99972E-3
-8.61013E-3
-8.93222E-3
-8.61013E-3
-8.93222E-3
-7.96597E-3
-8.61013E-3
-7.64388E-3
-7.96597E-3
-7.64388E-3
-7.96597E-3
-7.96597E-3
-7.96597E-3
-8.28805E-3
-8.61013E-3
-7.96597E-3
-8.28805E-3
-8.61013E-3
-8.28805E-3
-8.61013E-3
-8.93222E-3
-8.28805E-3
-8.61013E-3
-8.93222E-3
-8.93222E-3
-7.96597E-3
-8.61013E-3
-8.61013E-3
-9.25430E-3
-8.28805E-3
-8.61013E-3
-8.61013E-3
-8.61013E-3
-8.61013E-3
-8.28805E-3
-8.61013E-3
-8.28805E-3
-7.96597E-3
-7.64388E-3
-7.96597E-3
-8.28805E-3
-8.61013E-3
-7.96597E-3
-7.96597E-3
-1.02205E-2
-9.89847E-3
-8.28805E-3
-6.03347E-3
-6.03347E-3
-7.64388E-3
-8.28805E-3
-7.64388E-3
