6.83426E+9
4.61290E+8
-3.88149E-1
0.00000E+0
0.00000E+0
0.00000E+0
5.00000E-7
-1.11868E-2
-7.32180E-3
-7.96597E-3
-7.64388E-3
-7.96597E-3
-9.25430E-3
-7.32180E-3
-7.64388E-3
-7.32180E-3
-7.32180E-3
-7.64388E-3
-7.64388E-3
-7.32180E-3
-7.32180E-3
-8.28805E-3
-7.96597E-3
-7.64388E-3
-8.28805E-3
-7.96597E-3
-7.32180E-3
-8.93222E-3
-7.96597E-3
-8.61013E-3
-8.28805E-3
-8.28805E-3
-7.96597E-3
-7.96597E-3
-8.61013E-3
-8.28805E-3
-8.28805E-3
-8.28805E-3
-7.32180E-3
-4.74513E-3
-4.10097E-3
-9.89847E-3
-2.37480E-2
-3.82418E-2
-4.69380E-2
-5.17693E-2
-5.43460E-2
-5.62785E-2
-5.82110E-2
-6.07876E-2
-6.30422E-2
-6.36864E-2
-6.49747E-2
-6.52968E-2
-6.65851E-2
-6.72293E-2
-6.62630E-2
-6.62630E-2
-6.65851E-2
-6.62630E-2
-6.65851E-2
-6.62630E-2
-6.69072E-2
-6.72293E-2
-6.69072E-2
-6.72293E-2
-6.81955E-2
-6.72293E-2
-6.78734E-2
-6.78734E-2
-6.81955E-2
-6.85176E-2
-6.81955E-2
-6.81955E-2
-6.78734E-2
-6.81955E-2
-6.78734E-2
-6.75514E-2
-6.85176E-2
-6.78734E-2
-6.78734E-2
-6.72293E-2
-6.72293E-2
-6.72293E-2
-6.75514E-2
-6.75514E-2
-6.75514E-2
-6.81955E-2
-6.72293E-2
-6.69072E-2
-6.62630E-2
-6.65851E-2
-6.69072E-2
-6.62630E-2
-6.62630E-2
-6.65851E-2
-6.56189E-2
-6.65851E-2
-6.65851E-2
-6.62630E-2
-6.65851E-2
-6.65851E-2
-6.59409E-2
-6.59409E-2
-6.56189E-2
-6.59409E-2
-6.56189E-2
-6.52968E-2
-6.59409E-2
-6.49747E-2
-6.52968E-2
-6.52968E-2
-6.49747E-2
-6.59409E-2
-6.46526E-2
-6.46526E-2
-6.52968E-2
-6.56189E-2
-6.52968E-2
-6.43305E-2
-6.49747E-2
-6.46526E-2
-6.40084E-2
-6.40084E-2
-6.43305E-2
-6.33643E-2
-6.43305E-2
-6.36864E-2
-6.36864E-2
-6.40084E-2
-6.43305E-2
-6.40084E-2
-6.46526E-2
-6.43305E-2
-6.36864E-2
-6.40084E-2
-6.40084E-2
-5.88551E-2
-6.33643E-2
-6.40084E-2
-5.78889E-2
-4.59718E-2
-3.30885E-2
-2.40701E-2
-1.85947E-2
-1.66622E-2
-1.53739E-2
-1.47297E-2
-1.31193E-2
-1.18310E-2
-1.02205E-2
-9.89847E-3
-9.25430E-3
-8.61013E-3
-9.25430E-3
-8.61013E-3
-7.96597E-3
-8.28805E-3
-7.64388E-3
-7.32180E-3
-7.32180E-3
-7.96597E-3
-7.32180E-3
-7.64388E-3
-7.32180E-3
-6.99972E-3
-6.67763E-3
-7.64388E-3
-6.99972E-3
-6.99972E-3
-6.35555E-3
-6.99972E-3
-6.99972E-3
-6.67763E-3
-6.67763E-3
-6.99972E-3
-6.67763E-3
-7.32180E-3
-6.35555E-3
-6.67763E-3
-2.72910E-2
-9.39622E-2
-1.66109E-1
-2.24406E-1
-2.66921E-1
-2.99773E-1
-3.22963E-1
-3.41000E-1
-3.53239E-1
-3.65156E-1
-3.73208E-1
-3.80616E-1
-3.85448E-1
-3.89957E-1
-3.94788E-1
-3.98331E-1
-4.01230E-1
-4.02196E-1
-4.03162E-1
-4.03162E-1
-4.04773E-1
-4.05095E-1
-4.06061E-1
-4.05739E-1
-4.04773E-1
-4.05417E-1
-4.05417E-1
-4.07027E-1
-4.07671E-1
-4.07993E-1
-4.07671E-1
-4.07671E-1
-4.06383E-1
-4.04773E-1
-4.05095E-1
-4.07027E-1
-4.07027E-1
-4.07993E-1
-4.06383E-1
-4.05417E-1
-4.05417E-1
-4.05417E-1
-4.05417E-1
-4.05739E-1
-4.06061E-1
-4.05417E-1
-4.06383E-1
-4.07671E-1
-4.07671E-1
-4.07993E-1
-4.08315E-1
-4.07349E-1
-4.07671E-1
-4.07027E-1
-4.06061E-1
-4.05417E-1
-4.04450E-1
-4.04128E-1
-4.03484E-1
-4.03806E-1
-4.04450E-1
-4.06061E-1
-4.05417E-1
-4.05095E-1
-4.04773E-1
-4.04128E-1
-4.04773E-1
-4.04773E-1
-4.04128E-1
-4.03806E-1
-4.03806E-1
-4.04128E-1
-4.04450E-1
-4.04128E-1
-4.04128E-1
-4.06383E-1
-4.07671E-1
-4.08960E-1
-4.08315E-1
-4.07671E-1
-4.07993E-1
-4.09604E-1
-4.09604E-1
-4.08960E-1
-4.09282E-1
-4.07993E-1
-4.06705E-1
-4.06705E-1
-4.07671E-1
-4.07993E-1
-4.09926E-1
-4.07027E-1
-4.06705E-1
-4.07349E-1
-4.08315E-1
-4.08638E-1
-4.07349E-1
-4.07349E-1
-4.07027E-1
-4.00908E-1
-3.41966E-1
-2.62734E-1
-1.89943E-1
-1.34223E-1
-9.84714E-2
-7.94684E-2
-6.75514E-2
-5.75668E-2
-4.66160E-2
-3.79197E-2
-3.14780E-2
-2.69689E-2
-2.43922E-2
-2.14935E-2
-1.95610E-2
-1.73064E-2
-1.60180E-2
-1.47297E-2
-1.37635E-2
-1.34414E-2
-1.27972E-2
-1.27972E-2
-1.24751E-2
-1.18310E-2
-1.21530E-2
-1.18310E-2
-1.27972E-2
-1.18310E-2
-1.15089E-2
-1.08647E-2
-1.02205E-2
-1.08647E-2
-1.02205E-2
-1.08647E-2
-1.08647E-2
-1.02205E-2
-1.08647E-2
-1.08647E-2
-1.08647E-2
-1.11868E-2
-1.05426E-2
-9.89847E-3
-1.05426E-2
-1.02205E-2
-1.05426E-2
-1.05426E-2
-9.57638E-3
-1.02205E-2
-9.57638E-3
-9.25430E-3
-9.25430E-3
-9.89847E-3
-1.02205E-2
-9.57638E-3
-1.08647E-2
-1.05426E-2
-9.89847E-3
-1.02205E-2
-1.02205E-2
-1.02205E-2
-1.02205E-2
-1.02205E-2
-9.57638E-3
-9.57638E-3
-9.25430E-3
-1.02205E-2
-9.89847E-3
-9.89847E-3
-1.05426E-2
-1.08647E-2
-9.57638E-3
-9.57638E-3
-9.57638E-3
-1.02205E-2
-9.57638E-3
-9.57638E-3
-8.28805E-3
-9.89847E-3
-8.93222E-3
-9.25430E-3
-9.25430E-3
-8.61013E-3
-9.57638E-3
-9.25430E-3
-9.89847E-3
-9.25430E-3
-9.57638E-3
-8.93222E-3
-9.25430E-3
-8.61013E-3
-8.61013E-3
-9.25430E-3
-9.57638E-3
-9.25430E-3
-9.57638E-3
-9.25430E-3
-8.28805E-3
-8.61013E-3
-8.61013E-3
-8.61013E-3
-8.61013E-3
-8.93222E-3
-8.61013E-3
-9.25430E-3
-8.93222E-3
-8.61013E-3
-8.28805E-3
-8.93222E-3
-9.25430E-3
-8.61013E-3
-8.61013E-3
-8.28805E-3
-7.64388E-3
-8.61013E-3
-8.61013E-3
-8.28805E-3
-8.28805E-3
-8.28805E-3
-8.28805E-3
-9.25430E-3
-8.61013E-3
-8.61013E-3
-8.28805E-3
-8.28805E-3
-9.25430E-3
-7.96597E-3
-8.93222E-3
-9.25430E-3
-9.25430E-3
-8.93222E-3
-8.28805E-3
-9.57638E-3
-8.93222E-3
-8.61013E-3
-8.61013E-3
-8.61013E-3
-8.93222E-3
-8.28805E-3
-8.61013E-3
-8.28805E-3
-8.28805E-3
-9.25430E-3
-9.25430E-3
-8.93222E-3
-8.61013E-3
-8.93222E-3
-8.28805E-3
-8.28805E-3
-8.28805E-3
-7.96597E-3
-7.32180E-3
-7.64388E-3
-7.64388E-3
-8.28805E-3
-7.96597E-3
-8.93222E-3
-8.28805E-3
-8.93222E-3
-7.96597E-3
-8.28805E-3
-8.93222E-3
-8.28805E-3
-8.28805E-3
-7.96597E-3
-7.96597E-3
-7.96597E-3
-7.64388E-3
-8.61013E-3
-7.96597E-3
-7.96597E-3
-7.96597E-3
-7.96597E-3
-7.64388E-3
-7.96597E-3
-7.96597E-3
-7.96597E-3
-8.28805E-3
-7.32180E-3
-7.64388E-3
-7.64388E-3
-7.32180E-3
-7.32180E-3
-7.64388E-3
-8.28805E-3
-7.96597E-3
-8.28805E-3
-7.64388E-3
-8.61013E-3
-7.96597E-3
-8.61013E-3
-7.64388E-3
-8.28805E-3
-7.32180E-3
-7.64388E-3
-8.28805E-3
-7.96597E-3
-7.32180E-3
-8.61013E-3
-8.28805E-3
-8.28805E-3
-8.28805E-3
-8.93222E-3
-8.28805E-3
-8.28805E-3
-9.25430E-3
-7.96597E-3
-8.28805E-3
-8.61013E-3
-8.61013E-3
-7.96597E-3
-8.93222E-3
-8.28805E-3
-8.93222E-3
-8.61013E-3
-8.61013E-3
-8.61013E-3
-8.28805E-3
-8.28805E-3
-8.28805E-3
-8.28805E-3
-8.28805E-3
-8.61013E-3
-8.61013E-3
-9.25430E-3
-8.93222E-3
-8.61013E-3
-8.28805E-3
-7.64388E-3
-7.96597E-3
-7.32180E-3
-7.64388E-3
-7.32180E-3
-7.96597E-3
-8.28805E-3
-8.28805E-3
-7.64388E-3
-8.61013E-3
-8.61013E-3
-8.28805E-3
-8.61013E-3
-7.32180E-3
-7.32180E-3
-7.96597E-3
-7.96597E-3
-7.64388E-3
-7.64388E-3
-7.32180E-3
-7.96597E-3
-7.64388E-3
-7.96597E-3
-7.32180E-3
-7.64388E-3
-7.64388E-3
-7.32180E-3
-6.67763E-3
-7.96597E-3
-7.64388E-3
-7.64388E-3
-7.32180E-3
-7.32180E-3
-7.32180E-3
-7.32180E-3
-6.99972E-3
-6.67763E-3
-6.99972E-3
-7.32180E-3
-7.32180E-3
-7.64388E-3
-7.64388E-3
-8.28805E-3
-6.99972E-3
-7.64388E-3
-7.32180E-3
-7.32180E-3
-7.32180E-3
-7.64388E-3
-7.64388E-3
-6.99972E-3
-7.64388E-3
-6.99972E-3
-7.32180E-3
-7.64388E-3
-8.28805E-3
-7.64388E-3
-8.28805E-3
-8.28805E-3
-7.96597E-3
-8.61013E-3
-8.61013E-3
-7.96597E-3
-7.64388E-3
-7.64388E-3
-7.32180E-3
-8.61013E-3
-7.64388E-3
-7.96597E-3
-7.96597E-3
-8.28805E-3
-7.64388E-3
-7.32180E-3
-7.64388E-3
-7.32180E-3
-7.96597E-3
-7.96597E-3
-8.28805E-3
-8.61013E-3
-8.61013E-3
-8.28805E-3
-8.28805E-3
-8.28805E-3
-7.32180E-3
-7.96597E-3
-7.96597E-3
-7.64388E-3
-7.64388E-3
-8.28805E-3
-6.99972E-3
-7.64388E-3
-8.61013E-3
-8.28805E-3
-7.64388E-3
-7.32180E-3
-8.61013E-3
-8.28805E-3
-7.96597E-3
-6.99972E-3
-7.32180E-3
-8.28805E-3
-8.28805E-3
-7.96597E-3
-8.28805E-3
-7.64388E-3
-7.96597E-3
-7.64388E-3
-7.64388E-3
-7.96597E-3
-7.96597E-3
