6.83433E+9
4.61360E+8
-3.85448E-1
0.00000E+0
0.00000E+0
0.00000E+0
5.00000E-7
-1.37635E-2
-9.57638E-3
-9.57638E-3
-9.89847E-3
-1.02205E-2
-1.08647E-2
-9.89847E-3
-9.57638E-3
-8.61013E-3
-9.25430E-3
-9.25430E-3
-9.57638E-3
-8.61013E-3
-8.61013E-3
-8.93222E-3
-8.93222E-3
-9.57638E-3
-9.25430E-3
-8.93222E-3
-8.93222E-3
-9.57638E-3
-8.28805E-3
-8.61013E-3
-7.96597E-3
-8.93222E-3
-9.25430E-3
-9.25430E-3
-8.61013E-3
-8.61013E-3
-8.28805E-3
-9.57638E-3
-8.61013E-3
-5.71138E-3
-5.38930E-3
-1.34414E-2
-3.27664E-2
-5.08030E-2
-6.27201E-2
-6.88397E-2
-7.20605E-2
-7.49593E-2
-7.88243E-2
-8.01126E-2
-8.26893E-2
-8.39776E-2
-8.49439E-2
-8.49439E-2
-8.59101E-2
-8.75205E-2
-8.71984E-2
-8.71984E-2
-8.78426E-2
-8.88089E-2
-8.84868E-2
-8.88089E-2
-8.88089E-2
-8.81647E-2
-8.84868E-2
-8.78426E-2
-8.91309E-2
-8.84868E-2
-8.94530E-2
-8.91309E-2
-8.97751E-2
-9.04193E-2
-8.91309E-2
-8.97751E-2
-8.97751E-2
-8.84868E-2
-8.81647E-2
-8.84868E-2
-8.78426E-2
-8.81647E-2
-8.75205E-2
-8.71984E-2
-8.75205E-2
-8.78426E-2
-8.68764E-2
-8.71984E-2
-8.62322E-2
-8.81647E-2
-8.71984E-2
-8.62322E-2
-8.65543E-2
-8.59101E-2
-8.55880E-2
-8.55880E-2
-8.49439E-2
-8.55880E-2
-8.55880E-2
-8.46218E-2
-8.55880E-2
-8.55880E-2
-8.59101E-2
-8.71984E-2
-8.59101E-2
-8.62322E-2
-8.65543E-2
-8.68764E-2
-8.62322E-2
-8.65543E-2
-8.59101E-2
-8.52659E-2
-8.46218E-2
-8.42997E-2
-8.52659E-2
-8.55880E-2
-8.59101E-2
-8.46218E-2
-8.42997E-2
-8.39776E-2
-8.49439E-2
-8.42997E-2
-8.33334E-2
-8.36555E-2
-8.33334E-2
-8.39776E-2
-8.42997E-2
-8.39776E-2
-8.30114E-2
-8.39776E-2
-8.30114E-2
-8.26893E-2
-8.23672E-2
-8.23672E-2
-8.20451E-2
-8.20451E-2
-8.23672E-2
-8.20451E-2
-8.26893E-2
-7.75359E-2
-8.23672E-2
-8.23672E-2
-7.33489E-2
-5.69226E-2
-4.01743E-2
-2.82572E-2
-2.24597E-2
-2.05272E-2
-1.85947E-2
-1.79505E-2
-1.50518E-2
-1.27972E-2
-1.05426E-2
-1.08647E-2
-9.89847E-3
-9.57638E-3
-9.57638E-3
-9.57638E-3
-8.93222E-3
-7.96597E-3
-8.28805E-3
-7.64388E-3
-7.96597E-3
-6.99972E-3
-7.64388E-3
-7.96597E-3
-7.64388E-3
-7.96597E-3
-7.96597E-3
-8.93222E-3
-7.96597E-3
-8.28805E-3
-8.28805E-3
-7.64388E-3
-7.64388E-3
-6.99972E-3
-7.32180E-3
-7.32180E-3
-7.64388E-3
-8.28805E-3
-7.32180E-3
-8.61013E-3
-3.05118E-2
-9.91155E-2
-1.69330E-1
-2.25372E-1
-2.66921E-1
-2.98163E-1
-3.21031E-1
-3.38745E-1
-3.51629E-1
-3.62580E-1
-3.72564E-1
-3.80294E-1
-3.86092E-1
-3.90601E-1
-3.92855E-1
-3.94466E-1
-3.94788E-1
-3.96076E-1
-3.98653E-1
-4.00585E-1
-4.00908E-1
-3.99941E-1
-4.00263E-1
-4.01552E-1
-4.04128E-1
-4.05095E-1
-4.05417E-1
-4.04450E-1
-4.02840E-1
-4.01230E-1
-4.00908E-1
-4.01230E-1
-4.03162E-1
-4.03806E-1
-4.04773E-1
-4.04773E-1
-4.04450E-1
-4.06061E-1
-4.04450E-1
-4.05095E-1
-4.05095E-1
-4.04450E-1
-4.04773E-1
-4.05095E-1
-4.05417E-1
-4.05095E-1
-4.05095E-1
-4.05095E-1
-4.05739E-1
-4.05739E-1
-4.06061E-1
-4.05095E-1
-4.02840E-1
-4.02196E-1
-4.03484E-1
-4.04450E-1
-4.04773E-1
-4.04450E-1
-4.04450E-1
-4.05739E-1
-4.06705E-1
-4.07671E-1
-4.07027E-1
-4.07027E-1
-4.07027E-1
-4.06383E-1
-4.04450E-1
-4.04128E-1
-4.03484E-1
-4.05417E-1
-4.05417E-1
-4.04773E-1
-4.03484E-1
-4.02518E-1
-4.02196E-1
-4.01230E-1
-3.99941E-1
-3.98975E-1
-3.98331E-1
-3.99619E-1
-4.00263E-1
-4.01230E-1
-4.01874E-1
-4.01230E-1
-4.02196E-1
-4.01552E-1
-4.01552E-1
-4.03162E-1
-4.02196E-1
-4.02196E-1
-4.02840E-1
-4.05417E-1
-4.07027E-1
-4.06705E-1
-4.06061E-1
-4.05095E-1
-4.04450E-1
-4.04128E-1
-4.05417E-1
-4.00585E-1
-3.42288E-1
-2.64022E-1
-1.91231E-1
-1.34867E-1
-9.91155E-2
-7.94684E-2
-6.75514E-2
-5.72447E-2
-4.69380E-2
-3.82418E-2
-3.18001E-2
-2.72910E-2
-2.34260E-2
-2.11714E-2
-1.95610E-2
-1.76285E-2
-1.60180E-2
-1.50518E-2
-1.50518E-2
-1.47297E-2
-1.40855E-2
-1.31193E-2
-1.27972E-2
-1.15089E-2
-1.24751E-2
-1.21530E-2
-1.21530E-2
-1.18310E-2
-1.18310E-2
-1.18310E-2
-1.15089E-2
-1.18310E-2
-1.21530E-2
-1.15089E-2
-1.11868E-2
-1.08647E-2
-1.02205E-2
-1.11868E-2
-1.05426E-2
-1.08647E-2
-1.02205E-2
-1.08647E-2
-1.02205E-2
-1.05426E-2
-1.02205E-2
-1.08647E-2
-1.02205E-2
-1.05426E-2
-1.02205E-2
-9.89847E-3
-1.08647E-2
-1.08647E-2
-1.08647E-2
-9.89847E-3
-9.89847E-3
-9.89847E-3
-9.57638E-3
-9.57638E-3
-1.02205E-2
-9.57638E-3
-9.89847E-3
-9.89847E-3
-9.89847E-3
-1.05426E-2
-9.89847E-3
-1.02205E-2
-9.89847E-3
-1.05426E-2
-1.02205E-2
-1.05426E-2
-9.89847E-3
-1.02205E-2
-9.57638E-3
-1.02205E-2
-9.89847E-3
-9.89847E-3
-9.57638E-3
-8.93222E-3
-9.57638E-3
-9.57638E-3
-9.25430E-3
-8.61013E-3
-9.25430E-3
-8.93222E-3
-9.57638E-3
-9.89847E-3
-8.28805E-3
-7.96597E-3
-8.61013E-3
-9.25430E-3
-8.93222E-3
-8.93222E-3
-8.61013E-3
-8.93222E-3
-8.61013E-3
-8.28805E-3
-9.25430E-3
-9.25430E-3
-7.96597E-3
-9.25430E-3
-9.25430E-3
-8.61013E-3
-8.93222E-3
-8.61013E-3
-9.25430E-3
-8.28805E-3
-8.61013E-3
-7.96597E-3
-8.61013E-3
-8.28805E-3
-8.61013E-3
-8.93222E-3
-9.57638E-3
-9.25430E-3
-9.25430E-3
-8.93222E-3
-8.93222E-3
-8.61013E-3
-8.61013E-3
-8.28805E-3
-7.64388E-3
-8.61013E-3
-9.25430E-3
-8.93222E-3
-8.93222E-3
-8.93222E-3
-8.93222E-3
-8.28805E-3
-8.28805E-3
-9.25430E-3
-8.28805E-3
-8.61013E-3
-8.61013E-3
-9.25430E-3
-8.93222E-3
-9.25430E-3
-8.61013E-3
-9.57638E-3
-9.25430E-3
-8.61013E-3
-9.25430E-3
-8.93222E-3
-8.93222E-3
-8.28805E-3
-9.25430E-3
-8.61013E-3
-8.93222E-3
-8.93222E-3
-9.57638E-3
-8.28805E-3
-8.61013E-3
-8.93222E-3
-8.93222E-3
-9.25430E-3
-8.61013E-3
-8.61013E-3
-9.57638E-3
-8.93222E-3
-8.93222E-3
-8.61013E-3
-7.96597E-3
-8.28805E-3
-8.28805E-3
-7.64388E-3
-7.64388E-3
-8.28805E-3
-8.28805E-3
-7.96597E-3
-7.64388E-3
-8.28805E-3
-7.32180E-3
-7.64388E-3
-8.61013E-3
-7.32180E-3
-8.28805E-3
-8.61013E-3
-7.96597E-3
-8.28805E-3
-8.28805E-3
-8.61013E-3
-7.96597E-3
-8.28805E-3
-8.28805E-3
-8.61013E-3
-8.61013E-3
-8.28805E-3
-8.93222E-3
-8.61013E-3
-9.25430E-3
-7.96597E-3
-7.96597E-3
-8.28805E-3
-8.93222E-3
-7.96597E-3
-8.61013E-3
-7.96597E-3
-8.28805E-3
-8.28805E-3
-8.61013E-3
-8.93222E-3
-8.61013E-3
-8.93222E-3
-8.61013E-3
-8.61013E-3
-8.93222E-3
-8.93222E-3
-8.93222E-3
-8.61013E-3
-8.93222E-3
-8.93222E-3
-9.57638E-3
-9.25430E-3
-8.93222E-3
-9.57638E-3
-9.89847E-3
-9.25430E-3
-8.93222E-3
-8.28805E-3
-8.61013E-3
-8.93222E-3
-8.28805E-3
-8.93222E-3
-9.25430E-3
-8.93222E-3
-8.93222E-3
-9.25430E-3
-8.93222E-3
-8.93222E-3
-9.25430E-3
-9.25430E-3
-8.28805E-3
-8.93222E-3
-8.28805E-3
-8.28805E-3
-8.61013E-3
-8.28805E-3
-8.61013E-3
-8.61013E-3
-8.28805E-3
-8.61013E-3
-7.96597E-3
-7.64388E-3
-8.61013E-3
-7.96597E-3
-7.96597E-3
-7.96597E-3
-8.61013E-3
-7.96597E-3
-7.96597E-3
-7.96597E-3
-8.28805E-3
-8.61013E-3
-8.61013E-3
-8.61013E-3
-8.93222E-3
-8.28805E-3
-8.28805E-3
-8.28805E-3
-8.61013E-3
-8.28805E-3
-8.28805E-3
-8.61013E-3
-8.28805E-3
-7.64388E-3
-8.61013E-3
-8.61013E-3
-9.25430E-3
-8.28805E-3
-9.25430E-3
-8.61013E-3
-9.25430E-3
-8.93222E-3
-8.28805E-3
-8.61013E-3
-7.96597E-3
-9.25430E-3
-9.25430E-3
-9.25430E-3
-8.93222E-3
-8.93222E-3
-9.57638E-3
-9.57638E-3
-8.28805E-3
-8.93222E-3
-8.28805E-3
-8.61013E-3
-8.61013E-3
-8.61013E-3
-8.93222E-3
-8.61013E-3
-8.61013E-3
-9.25430E-3
-8.61013E-3
-9.25430E-3
-8.93222E-3
-8.61013E-3
-9.57638E-3
-9.25430E-3
-9.25430E-3
-9.25430E-3
-8.61013E-3
-8.61013E-3
-8.93222E-3
-9.25430E-3
-8.61013E-3
-9.25430E-3
-8.93222E-3
-8.93222E-3
-8.28805E-3
-8.28805E-3
-8.61013E-3
-8.61013E-3
-8.61013E-3
-8.28805E-3
-8.61013E-3
-7.96597E-3
-8.61013E-3
-8.28805E-3
-8.28805E-3
-8.28805E-3
-9.57638E-3
-8.28805E-3
-8.61013E-3
-7.96597E-3
-8.93222E-3
-8.61013E-3
-8.28805E-3
-7.96597E-3
-7.96597E-3
-8.93222E-3
-8.61013E-3
-9.25430E-3
-8.61013E-3
-8.28805E-3
-9.25430E-3
-8.61013E-3
-9.25430E-3
