6.83516E+9
4.62190E+8
-3.80552E-1
0.00000E+0
0.00000E+0
0.00000E+0
5.00000E-7
-1.15089E-2
-7.96597E-3
-7.32180E-3
-7.64388E-3
-7.96597E-3
-8.61013E-3
-7.96597E-3
-7.64388E-3
-7.96597E-3
-8.28805E-3
-9.25430E-3
-7.96597E-3
-7.64388E-3
-8.61013E-3
-7.64388E-3
-8.28805E-3
-7.96597E-3
-8.28805E-3
-7.64388E-3
-8.93222E-3
-8.61013E-3
-7.96597E-3
-7.96597E-3
-7.32180E-3
-8.61013E-3
-7.96597E-3
-7.64388E-3
-7.96597E-3
-7.96597E-3
-8.28805E-3
-7.96597E-3
-1.31193E-2
-4.74513E-3
-1.20222E-3
-7.64388E-3
-1.85947E-2
-3.11560E-2
-3.82418E-2
-4.24289E-2
-4.37172E-2
-4.59718E-2
-4.95147E-2
-5.08030E-2
-5.30576E-2
-5.33797E-2
-5.46680E-2
-5.49901E-2
-5.49901E-2
-5.53122E-2
-5.59564E-2
-5.59564E-2
-5.56343E-2
-5.66005E-2
-5.66005E-2
-5.69226E-2
-5.62785E-2
-5.75668E-2
-5.69226E-2
-5.66005E-2
-5.69226E-2
-5.69226E-2
-5.72447E-2
-5.78889E-2
-5.69226E-2
-5.72447E-2
-5.69226E-2
-5.69226E-2
-5.69226E-2
-5.69226E-2
-5.69226E-2
-5.75668E-2
-5.69226E-2
-5.62785E-2
-5.66005E-2
-5.62785E-2
-5.62785E-2
-5.59564E-2
-5.69226E-2
-5.62785E-2
-5.53122E-2
-5.62785E-2
-5.30576E-2
-5.82110E-2
-5.85330E-2
-5.62785E-2
-5.66005E-2
-5.69226E-2
-5.69226E-2
-5.59564E-2
-5.66005E-2
-5.66005E-2
-5.66005E-2
-5.66005E-2
-5.59564E-2
-5.62785E-2
-5.62785E-2
-5.59564E-2
-5.56343E-2
-5.53122E-2
-5.46680E-2
-5.43460E-2
-5.53122E-2
-5.59564E-2
-5.49901E-2
-5.49901E-2
-5.53122E-2
-5.53122E-2
-5.49901E-2
-5.46680E-2
-5.49901E-2
-5.46680E-2
-5.53122E-2
-5.53122E-2
-5.49901E-2
-5.49901E-2
-5.53122E-2
-5.49901E-2
-5.49901E-2
-5.46680E-2
-5.43460E-2
-5.49901E-2
-5.40239E-2
-5.43460E-2
-5.46680E-2
-5.33797E-2
-5.43460E-2
-5.33797E-2
-5.37018E-2
-5.43460E-2
-5.40239E-2
-4.95147E-2
-6.11097E-2
-5.33797E-2
-4.46835E-2
-3.88860E-2
-2.79351E-2
-2.05272E-2
-1.60180E-2
-1.56960E-2
-1.37635E-2
-1.40855E-2
-1.24751E-2
-1.02205E-2
-9.57638E-3
-9.25430E-3
-9.25430E-3
-8.28805E-3
-7.64388E-3
-7.64388E-3
-7.96597E-3
-8.61013E-3
-7.64388E-3
-7.96597E-3
-7.32180E-3
-6.99972E-3
-6.99972E-3
-6.35555E-3
-6.99972E-3
-6.99972E-3
-7.32180E-3
-7.64388E-3
-7.64388E-3
-6.99972E-3
-7.32180E-3
-7.32180E-3
-6.99972E-3
-6.35555E-3
-6.67763E-3
-6.35555E-3
-6.35555E-3
-6.35555E-3
-6.03347E-3
-6.35555E-3
-2.53585E-2
-8.88089E-2
-1.59345E-1
-2.15710E-1
-2.56614E-1
-2.89145E-1
-3.12335E-1
-3.32948E-1
-3.40678E-1
-3.57748E-1
-3.68055E-1
-3.70632E-1
-3.77718E-1
-3.81905E-1
-3.86736E-1
-3.89957E-1
-3.93178E-1
-3.94144E-1
-3.93500E-1
-3.94144E-1
-3.95110E-1
-3.96076E-1
-3.94466E-1
-3.95432E-1
-3.96076E-1
-3.97043E-1
-3.96398E-1
-3.98331E-1
-3.97365E-1
-3.97043E-1
-3.98009E-1
-3.98653E-1
-3.99619E-1
-3.99619E-1
-4.00263E-1
-4.00263E-1
-4.00263E-1
-3.99941E-1
-3.99941E-1
-3.99297E-1
-3.99941E-1
-3.99619E-1
-3.97687E-1
-3.97365E-1
-3.96076E-1
-3.98009E-1
-3.98009E-1
-3.99941E-1
-4.00263E-1
-4.00908E-1
-4.00908E-1
-4.01230E-1
-4.02518E-1
-4.02196E-1
-3.99941E-1
-3.99619E-1
-3.99941E-1
-3.98975E-1
-4.05739E-1
-3.95754E-1
-3.93500E-1
-3.98975E-1
-3.98331E-1
-3.98975E-1
-3.96720E-1
-3.97365E-1
-3.98653E-1
-3.99619E-1
-3.99297E-1
-3.98331E-1
-3.98975E-1
-3.99297E-1
-4.00908E-1
-4.00908E-1
-3.99297E-1
-3.99297E-1
-3.97687E-1
-3.97365E-1
-3.98331E-1
-3.98009E-1
-3.98009E-1
-3.98009E-1
-3.98009E-1
-3.97365E-1
-3.98009E-1
-3.97365E-1
-3.98975E-1
-4.00263E-1
-3.99619E-1
-3.98009E-1
-3.96720E-1
-3.97043E-1
-3.97687E-1
-3.98653E-1
-3.98975E-1
-3.99619E-1
-4.00908E-1
-4.01552E-1
-3.99941E-1
-3.94788E-1
-3.36813E-1
-2.59835E-1
-1.87688E-1
-1.32934E-1
-9.75051E-2
-7.81801E-2
-6.62630E-2
-5.66005E-2
-4.43614E-2
-3.88860E-2
-3.34105E-2
-2.66468E-2
-2.40701E-2
-2.21376E-2
-1.89168E-2
-1.69843E-2
-1.50518E-2
-1.40855E-2
-1.40855E-2
-1.34414E-2
-1.27972E-2
-1.34414E-2
-1.21530E-2
-1.24751E-2
-1.24751E-2
-1.27972E-2
-1.15089E-2
-1.18310E-2
-1.11868E-2
-1.08647E-2
-1.08647E-2
-1.08647E-2
-1.08647E-2
-1.08647E-2
-1.08647E-2
-1.08647E-2
-1.08647E-2
-1.15089E-2
-1.08647E-2
-1.05426E-2
-9.89847E-3
-1.02205E-2
-1.05426E-2
-1.08647E-2
-1.05426E-2
-1.05426E-2
-1.08647E-2
-1.08647E-2
-1.05426E-2
-1.05426E-2
-1.02205E-2
-9.89847E-3
-9.25430E-3
-9.89847E-3
-9.57638E-3
-9.57638E-3
-9.89847E-3
-9.89847E-3
-1.73064E-2
-9.89847E-3
-6.35555E-3
-9.25430E-3
-9.25430E-3
-9.25430E-3
-9.25430E-3
-8.61013E-3
-8.61013E-3
-9.25430E-3
-9.25430E-3
-8.93222E-3
-8.61013E-3
-9.57638E-3
-9.89847E-3
-9.57638E-3
-9.25430E-3
-9.25430E-3
-9.89847E-3
-9.25430E-3
-8.93222E-3
-8.93222E-3
-8.28805E-3
-8.93222E-3
-8.93222E-3
-8.28805E-3
-8.61013E-3
-8.93222E-3
-8.61013E-3
-8.93222E-3
-8.28805E-3
-8.61013E-3
-9.57638E-3
-9.25430E-3
-8.28805E-3
-8.28805E-3
-8.28805E-3
-8.28805E-3
-8.61013E-3
-8.28805E-3
-9.25430E-3
-8.93222E-3
-8.28805E-3
-8.61013E-3
-9.25430E-3
-8.61013E-3
-7.96597E-3
-8.93222E-3
-8.61013E-3
-8.93222E-3
-5.71138E-3
-9.89847E-3
-1.11868E-2
-8.28805E-3
-9.89847E-3
-8.28805E-3
-8.61013E-3
-8.61013E-3
-8.28805E-3
-9.25430E-3
-9.25430E-3
-9.25430E-3
-9.25430E-3
-8.93222E-3
-8.61013E-3
-8.61013E-3
-9.25430E-3
-9.25430E-3
-9.25430E-3
-8.61013E-3
-8.61013E-3
-8.28805E-3
-8.61013E-3
-8.93222E-3
-8.93222E-3
-9.25430E-3
-8.61013E-3
-9.25430E-3
-9.25430E-3
-8.61013E-3
-8.28805E-3
-8.28805E-3
-8.61013E-3
-8.61013E-3
-8.61013E-3
-8.28805E-3
-8.28805E-3
-8.61013E-3
-8.61013E-3
-8.61013E-3
-7.96597E-3
-7.96597E-3
-8.93222E-3
-8.61013E-3
-8.61013E-3
-8.61013E-3
-8.28805E-3
-8.93222E-3
-8.61013E-3
-8.28805E-3
-1.56960E-2
-8.28805E-3
-5.71138E-3
-7.96597E-3
-8.28805E-3
-7.96597E-3
-7.64388E-3
-8.28805E-3
-8.28805E-3
-8.28805E-3
-8.61013E-3
-8.61013E-3
-8.61013E-3
-8.28805E-3
-9.25430E-3
-9.25430E-3
-9.25430E-3
-9.25430E-3
-9.25430E-3
-9.57638E-3
-8.93222E-3
-8.61013E-3
-8.93222E-3
-8.93222E-3
-8.61013E-3
-9.25430E-3
-8.61013E-3
-8.28805E-3
-8.93222E-3
-8.93222E-3
-9.25430E-3
-8.61013E-3
-8.61013E-3
-8.93222E-3
-8.28805E-3
-8.28805E-3
-8.61013E-3
-8.93222E-3
-8.61013E-3
-1.02205E-2
-8.61013E-3
-8.93222E-3
-8.93222E-3
-8.28805E-3
-7.96597E-3
-8.28805E-3
-9.25430E-3
-7.64388E-3
-8.93222E-3
-8.28805E-3
-5.38930E-3
-9.25430E-3
-1.11868E-2
-8.93222E-3
-8.28805E-3
-8.28805E-3
-8.28805E-3
-8.28805E-3
-8.61013E-3
-9.57638E-3
-9.25430E-3
-9.57638E-3
-8.93222E-3
-8.93222E-3
-8.61013E-3
-8.28805E-3
-9.57638E-3
-8.61013E-3
-8.93222E-3
-9.25430E-3
-8.61013E-3
-8.61013E-3
-8.28805E-3
-8.61013E-3
-8.61013E-3
-8.28805E-3
-8.93222E-3
-7.64388E-3
-8.28805E-3
-8.28805E-3
-8.93222E-3
-8.61013E-3
-8.28805E-3
-9.25430E-3
-8.28805E-3
-7.96597E-3
-7.64388E-3
-7.96597E-3
-8.28805E-3
-8.61013E-3
-8.28805E-3
-7.64388E-3
-7.96597E-3
-7.96597E-3
-8.61013E-3
-8.61013E-3
-8.61013E-3
-8.61013E-3
-8.61013E-3
-8.61013E-3
-1.37635E-2
-7.32180E-3
-5.06722E-3
-7.96597E-3
-7.32180E-3
-8.28805E-3
-7.64388E-3
-7.64388E-3
-8.28805E-3
-8.61013E-3
-8.28805E-3
-7.64388E-3
-7.32180E-3
-8.61013E-3
-8.93222E-3
-7.96597E-3
-8.61013E-3
-7.96597E-3
-8.28805E-3
-8.61013E-3
-7.96597E-3
-7.96597E-3
-7.96597E-3
-8.61013E-3
-8.61013E-3
-7.96597E-3
-8.28805E-3
-8.28805E-3
-8.93222E-3
-7.64388E-3
-8.93222E-3
-8.93222E-3
-9.25430E-3
-8.93222E-3
-7.64388E-3
-8.28805E-3
-7.64388E-3
-7.96597E-3
-8.61013E-3
-8.93222E-3
-8.61013E-3
-7.96597E-3
-8.61013E-3
-8.28805E-3
-9.25430E-3
-8.61013E-3
-8.28805E-3
-8.28805E-3
-7.96597E-3
-7.96597E-3
-5.38930E-3
-9.25430E-3
-1.05426E-2
-8.93222E-3
-9.57638E-3
-8.93222E-3
-9.25430E-3
-8.28805E-3
-8.28805E-3
-7.64388E-3
-7.64388E-3
-7.96597E-3
-7.64388E-3
-7.64388E-3
-7.64388E-3
-7.64388E-3
-7.32180E-3
-7.32180E-3
-6.67763E-3
-7.96597E-3
-7.32180E-3
-7.32180E-3
-6.99972E-3
-7.32180E-3
-6.99972E-3
-6.99972E-3
-7.64388E-3
-7.32180E-3
-8.28805E-3
