6.83517E+9
4.62200E+8
-3.81471E-1
0.00000E+0
0.00000E+0
0.00000E+0
5.00000E-7
-1.24751E-2
-9.25430E-3
-9.25430E-3
-8.93222E-3
-8.93222E-3
-1.02205E-2
-8.61013E-3
-8.93222E-3
-9.25430E-3
-8.93222E-3
-8.61013E-3
-8.61013E-3
-8.61013E-3
-8.61013E-3
-9.57638E-3
-9.57638E-3
-9.57638E-3
-5.38930E-3
-6.03347E-3
-9.57638E-3
-1.05426E-2
-1.02205E-2
-8.61013E-3
-9.25430E-3
-9.57638E-3
-9.57638E-3
-8.93222E-3
-8.93222E-3
-9.25430E-3
-9.25430E-3
-9.89847E-3
-7.32180E-3
-6.03347E-3
-4.10097E-3
-9.57638E-3
-1.89168E-2
-3.05118E-2
-3.82418E-2
-4.27510E-2
-4.33951E-2
-4.53276E-2
-4.69380E-2
-4.85485E-2
-5.04810E-2
-5.08030E-2
-5.11251E-2
-5.20914E-2
-5.27355E-2
-5.24135E-2
-5.30576E-2
-5.40239E-2
-5.37018E-2
-5.40239E-2
-5.43460E-2
-5.46680E-2
-5.43460E-2
-5.43460E-2
-5.46680E-2
-5.43460E-2
-5.46680E-2
-5.46680E-2
-5.43460E-2
-5.49901E-2
-5.49901E-2
-5.49901E-2
-5.53122E-2
-5.46680E-2
-5.88551E-2
-5.88551E-2
-5.33797E-2
-5.24135E-2
-5.37018E-2
-5.43460E-2
-5.53122E-2
-5.49901E-2
-5.37018E-2
-5.46680E-2
-5.43460E-2
-5.49901E-2
-5.46680E-2
-5.53122E-2
-5.46680E-2
-5.49901E-2
-5.37018E-2
-5.40239E-2
-5.30576E-2
-5.30576E-2
-5.33797E-2
-5.33797E-2
-5.37018E-2
-5.33797E-2
-5.37018E-2
-5.37018E-2
-5.37018E-2
-5.37018E-2
-5.37018E-2
-5.27355E-2
-5.30576E-2
-5.33797E-2
-5.33797E-2
-5.33797E-2
-5.30576E-2
-5.37018E-2
-5.33797E-2
-5.30576E-2
-5.30576E-2
-5.37018E-2
-5.30576E-2
-5.30576E-2
-5.33797E-2
-5.30576E-2
-5.33797E-2
-5.33797E-2
-5.33797E-2
-5.33797E-2
-5.37018E-2
-5.30576E-2
-5.01589E-2
-4.98368E-2
-5.33797E-2
-5.37018E-2
-5.27355E-2
-5.24135E-2
-5.30576E-2
-5.27355E-2
-5.24135E-2
-5.30576E-2
-5.20914E-2
-5.14472E-2
-5.20914E-2
-4.75822E-2
-5.24135E-2
-5.30576E-2
-4.72601E-2
-3.85639E-2
-2.82572E-2
-2.05272E-2
-1.63401E-2
-1.56960E-2
-1.44076E-2
-1.44076E-2
-1.24751E-2
-1.08647E-2
-9.57638E-3
-9.57638E-3
-9.25430E-3
-9.57638E-3
-8.93222E-3
-8.61013E-3
-8.28805E-3
-8.93222E-3
-8.61013E-3
-8.28805E-3
-8.61013E-3
-8.61013E-3
-8.93222E-3
-8.61013E-3
-7.96597E-3
-8.28805E-3
-7.96597E-3
-9.25430E-3
-8.28805E-3
-8.93222E-3
-8.28805E-3
-8.28805E-3
-9.25430E-3
-8.93222E-3
-1.18310E-2
-1.21530E-2
-7.96597E-3
-7.32180E-3
-6.67763E-3
-7.96597E-3
-2.79351E-2
-9.17076E-2
-1.60956E-1
-2.16354E-1
-2.59513E-1
-2.91721E-1
-3.16844E-1
-3.34236E-1
-3.47442E-1
-3.58070E-1
-3.65800E-1
-3.72564E-1
-3.77395E-1
-3.81905E-1
-3.85770E-1
-3.89313E-1
-3.91889E-1
-3.92855E-1
-3.93822E-1
-3.94788E-1
-3.96076E-1
-3.96398E-1
-3.96720E-1
-3.96720E-1
-3.97687E-1
-3.99619E-1
-3.99941E-1
-4.03484E-1
-4.00263E-1
-4.00263E-1
-3.98009E-1
-3.98975E-1
-3.98975E-1
-3.97687E-1
-3.98009E-1
-3.97043E-1
-3.98009E-1
-3.98653E-1
-3.98975E-1
-3.99619E-1
-3.99619E-1
-3.99619E-1
-3.99941E-1
-3.99297E-1
-3.93178E-1
-3.98009E-1
-3.99619E-1
-3.99941E-1
-4.00585E-1
-3.99619E-1
-3.99619E-1
-4.00908E-1
-4.00908E-1
-4.01230E-1
-4.00908E-1
-4.01874E-1
-4.01230E-1
-4.00908E-1
-4.02196E-1
-4.03484E-1
-4.02518E-1
-3.99941E-1
-3.98009E-1
-3.98009E-1
-3.97687E-1
-3.98653E-1
-3.98975E-1
-3.99619E-1
-3.98331E-1
-3.98653E-1
-3.99297E-1
-3.99297E-1
-3.99619E-1
-4.00263E-1
-4.00263E-1
-4.00908E-1
-4.00908E-1
-4.01552E-1
-4.01230E-1
-4.01552E-1
-4.02196E-1
-4.02518E-1
-4.03162E-1
-4.02196E-1
-4.00585E-1
-4.00585E-1
-4.01230E-1
-4.00908E-1
-3.98975E-1
-3.98009E-1
-3.97365E-1
-3.97687E-1
-3.98331E-1
-3.99941E-1
-4.06383E-1
-4.04128E-1
-4.00585E-1
-3.97365E-1
-3.96076E-1
-3.92211E-1
-3.36491E-1
-2.58547E-1
-1.86722E-1
-1.31968E-1
-9.75051E-2
-7.85022E-2
-6.62630E-2
-5.59564E-2
-4.66160E-2
-3.85639E-2
-3.21222E-2
-2.66468E-2
-2.37480E-2
-2.18155E-2
-1.98830E-2
-1.76285E-2
-1.63401E-2
-1.50518E-2
-1.34414E-2
-1.34414E-2
-1.31193E-2
-1.27972E-2
-1.24751E-2
-1.27972E-2
-1.27972E-2
-1.24751E-2
-1.21530E-2
-1.18310E-2
-1.24751E-2
-1.18310E-2
-1.18310E-2
-1.15089E-2
-1.18310E-2
-1.15089E-2
-1.15089E-2
-1.08647E-2
-1.11868E-2
-1.11868E-2
-1.08647E-2
-1.15089E-2
-1.11868E-2
-1.05426E-2
-1.08647E-2
-9.89847E-3
-7.32180E-3
-9.25430E-3
-1.15089E-2
-1.18310E-2
-1.18310E-2
-1.11868E-2
-1.08647E-2
-1.15089E-2
-1.11868E-2
-1.15089E-2
-1.05426E-2
-1.15089E-2
-1.11868E-2
-1.11868E-2
-1.11868E-2
-1.02205E-2
-9.89847E-3
-1.08647E-2
-9.89847E-3
-9.89847E-3
-1.08647E-2
-9.57638E-3
-9.89847E-3
-9.89847E-3
-9.25430E-3
-9.25430E-3
-8.93222E-3
-9.25430E-3
-9.57638E-3
-9.25430E-3
-8.93222E-3
-8.61013E-3
-8.93222E-3
-8.61013E-3
-9.25430E-3
-9.25430E-3
-9.25430E-3
-9.25430E-3
-9.89847E-3
-9.57638E-3
-9.57638E-3
-9.57638E-3
-9.25430E-3
-9.89847E-3
-8.93222E-3
-9.25430E-3
-9.89847E-3
-9.25430E-3
-9.57638E-3
-9.25430E-3
-1.31193E-2
-1.34414E-2
-9.57638E-3
-7.32180E-3
-6.99972E-3
-8.93222E-3
-9.57638E-3
-9.57638E-3
-9.25430E-3
-9.57638E-3
-9.89847E-3
-9.57638E-3
-9.57638E-3
-8.61013E-3
-9.25430E-3
-9.57638E-3
-8.93222E-3
-8.93222E-3
-8.93222E-3
-9.25430E-3
-8.93222E-3
-8.61013E-3
-8.93222E-3
-8.61013E-3
-8.93222E-3
-8.28805E-3
-8.28805E-3
-8.61013E-3
-8.61013E-3
-8.61013E-3
-9.25430E-3
-9.25430E-3
-9.25430E-3
-8.93222E-3
-9.25430E-3
-8.61013E-3
-8.93222E-3
-8.28805E-3
-8.93222E-3
-9.25430E-3
-8.93222E-3
-8.93222E-3
-9.25430E-3
-8.93222E-3
-9.25430E-3
-8.61013E-3
-9.25430E-3
-9.25430E-3
-9.57638E-3
-9.25430E-3
-6.03347E-3
-7.32180E-3
-9.89847E-3
-9.89847E-3
-9.25430E-3
-8.61013E-3
-8.28805E-3
-8.93222E-3
-9.25430E-3
-8.28805E-3
-8.61013E-3
-8.93222E-3
-8.61013E-3
-8.61013E-3
-8.61013E-3
-9.25430E-3
-8.93222E-3
-8.93222E-3
-9.25430E-3
-9.25430E-3
-8.61013E-3
-8.28805E-3
-8.28805E-3
-8.28805E-3
-8.28805E-3
-7.96597E-3
-7.64388E-3
-8.28805E-3
-8.93222E-3
-8.61013E-3
-8.28805E-3
-7.96597E-3
-6.99972E-3
-8.93222E-3
-8.28805E-3
-8.93222E-3
-9.25430E-3
-8.28805E-3
-8.61013E-3
-9.57638E-3
-8.61013E-3
-8.61013E-3
-8.93222E-3
-8.28805E-3
-8.61013E-3
-8.61013E-3
-9.25430E-3
-9.25430E-3
-9.25430E-3
-9.25430E-3
-1.15089E-2
-1.21530E-2
-9.25430E-3
-7.64388E-3
-7.32180E-3
-7.64388E-3
-8.93222E-3
-7.96597E-3
-7.96597E-3
-7.96597E-3
-8.93222E-3
-8.93222E-3
-9.25430E-3
-7.96597E-3
-8.28805E-3
-8.93222E-3
-8.61013E-3
-8.61013E-3
-8.28805E-3
-8.61013E-3
-8.61013E-3
-8.61013E-3
-9.25430E-3
-8.93222E-3
-8.61013E-3
-8.93222E-3
-8.28805E-3
-8.28805E-3
-8.28805E-3
-8.93222E-3
-9.57638E-3
-8.61013E-3
-8.93222E-3
-8.93222E-3
-9.25430E-3
-8.28805E-3
-8.61013E-3
-8.93222E-3
-8.28805E-3
-8.28805E-3
-9.25430E-3
-8.28805E-3
-8.28805E-3
-8.61013E-3
-8.28805E-3
-8.28805E-3
-8.61013E-3
-8.61013E-3
-7.32180E-3
-6.99972E-3
-4.74513E-3
-6.35555E-3
-9.89847E-3
-8.61013E-3
-8.93222E-3
-8.28805E-3
-9.25430E-3
-8.28805E-3
-8.93222E-3
-8.28805E-3
-7.96597E-3
-7.64388E-3
-7.96597E-3
-8.28805E-3
-7.96597E-3
-8.61013E-3
-8.61013E-3
-8.93222E-3
-8.93222E-3
-8.93222E-3
-8.93222E-3
-8.93222E-3
-9.25430E-3
-8.61013E-3
-9.57638E-3
-8.61013E-3
-9.25430E-3
-8.93222E-3
-9.57638E-3
-9.25430E-3
-8.28805E-3
-8.61013E-3
-8.61013E-3
-8.93222E-3
-8.93222E-3
-8.93222E-3
-8.93222E-3
-8.93222E-3
-8.61013E-3
-9.57638E-3
-9.25430E-3
-8.28805E-3
-9.25430E-3
-8.93222E-3
-8.61013E-3
-9.25430E-3
-9.57638E-3
-9.25430E-3
-8.61013E-3
-9.25430E-3
-1.24751E-2
-1.34414E-2
-9.25430E-3
-6.03347E-3
-7.32180E-3
-7.96597E-3
-6.99972E-3
-8.28805E-3
-8.61013E-3
-8.28805E-3
-9.25430E-3
-8.28805E-3
-8.61013E-3
-8.93222E-3
-8.28805E-3
-8.93222E-3
-8.61013E-3
-8.28805E-3
-8.28805E-3
-8.28805E-3
-8.28805E-3
-8.28805E-3
-7.96597E-3
-9.89847E-3
-8.93222E-3
-8.61013E-3
-9.25430E-3
-8.28805E-3
-8.61013E-3
-8.93222E-3
-8.93222E-3
-7.96597E-3
-8.61013E-3
-8.28805E-3
-7.96597E-3
-7.96597E-3
-7.96597E-3
-8.28805E-3
-7.96597E-3
-8.93222E-3
-7.96597E-3
-8.93222E-3
-8.28805E-3
