6.83501E+9
4.62040E+8
-3.82626E-1
0.00000E+0
0.00000E+0
0.00000E+0
5.00000E-7
-1.11868E-2
-7.64388E-3
-7.96597E-3
-8.28805E-3
-7.64388E-3
-6.99972E-3
-4.42305E-3
-6.35555E-3
-7.96597E-3
-9.89847E-3
-8.93222E-3
-7.96597E-3
-6.67763E-3
-7.96597E-3
-8.28805E-3
-8.28805E-3
-7.32180E-3
-7.32180E-3
-7.32180E-3
-7.96597E-3
-8.28805E-3
-7.64388E-3
-7.96597E-3
-7.32180E-3
-7.32180E-3
-7.32180E-3
-6.67763E-3
-6.99972E-3
-6.67763E-3
-6.99972E-3
-7.32180E-3
-6.35555E-3
-4.74513E-3
-4.42305E-3
-1.08647E-2
-2.72910E-2
-4.27510E-2
-5.46680E-2
-5.91772E-2
-6.20759E-2
-6.43305E-2
-6.75514E-2
-7.01280E-2
-7.10943E-2
-7.20605E-2
-7.33489E-2
-7.39930E-2
-7.49593E-2
-7.56034E-2
-7.59255E-2
-7.62476E-2
-7.68918E-2
-7.62476E-2
-7.65697E-2
-7.62476E-2
-7.65697E-2
-8.04347E-2
-7.78580E-2
-7.56034E-2
-7.43151E-2
-7.68918E-2
-7.72139E-2
-7.81801E-2
-7.75359E-2
-7.85022E-2
-7.75359E-2
-7.81801E-2
-7.72139E-2
-7.72139E-2
-7.68918E-2
-7.72139E-2
-7.75359E-2
-7.72139E-2
-7.68918E-2
-7.72139E-2
-7.59255E-2
-7.59255E-2
-7.65697E-2
-7.65697E-2
-7.59255E-2
-7.65697E-2
-7.62476E-2
-7.56034E-2
-7.56034E-2
-7.52814E-2
-7.56034E-2
-7.49593E-2
-7.49593E-2
-7.49593E-2
-7.56034E-2
-7.52814E-2
-7.56034E-2
-7.56034E-2
-7.46372E-2
-7.49593E-2
-7.52814E-2
-7.46372E-2
-7.52814E-2
-7.43151E-2
-7.39930E-2
-7.43151E-2
-7.36709E-2
-7.36709E-2
-7.46372E-2
-7.39930E-2
-7.30268E-2
-6.98059E-2
-7.43151E-2
-7.49593E-2
-7.65697E-2
-7.49593E-2
-7.39930E-2
-7.27047E-2
-7.49593E-2
-7.36709E-2
-7.36709E-2
-7.33489E-2
-7.33489E-2
-7.39930E-2
-7.33489E-2
-7.27047E-2
-7.20605E-2
-7.30268E-2
-7.17384E-2
-7.23826E-2
-7.27047E-2
-7.23826E-2
-7.27047E-2
-7.27047E-2
-7.27047E-2
-6.81955E-2
-7.23826E-2
-7.20605E-2
-6.49747E-2
-5.08030E-2
-3.59872E-2
-2.50364E-2
-1.92389E-2
-1.73064E-2
-1.66622E-2
-1.56960E-2
-1.27972E-2
-1.15089E-2
-9.89847E-3
-9.57638E-3
-8.61013E-3
-8.28805E-3
-8.28805E-3
-7.64388E-3
-7.64388E-3
-6.99972E-3
-6.99972E-3
-7.32180E-3
-6.99972E-3
-7.32180E-3
-8.28805E-3
-1.18310E-2
-9.25430E-3
-7.32180E-3
-4.74513E-3
-6.67763E-3
-6.35555E-3
-8.61013E-3
-6.35555E-3
-6.67763E-3
-6.99972E-3
-6.67763E-3
-6.99972E-3
-7.32180E-3
-6.67763E-3
-6.35555E-3
-6.67763E-3
-7.32180E-3
-2.76130E-2
-9.42843E-2
-1.66753E-1
-2.22795E-1
-2.63056E-1
-2.92688E-1
-3.16844E-1
-3.36169E-1
-3.49696E-1
-3.59359E-1
-3.67411E-1
-3.72564E-1
-3.79006E-1
-3.84803E-1
-3.88668E-1
-3.91245E-1
-3.92211E-1
-3.93822E-1
-3.94144E-1
-3.95432E-1
-3.95110E-1
-3.96398E-1
-3.96720E-1
-3.97365E-1
-3.99297E-1
-3.99941E-1
-3.99941E-1
-4.00908E-1
-3.98653E-1
-3.99941E-1
-3.99941E-1
-4.00263E-1
-3.98331E-1
-3.99619E-1
-3.99297E-1
-4.00585E-1
-4.02518E-1
-4.00585E-1
-4.00908E-1
-3.99619E-1
-3.99941E-1
-3.98331E-1
-3.98331E-1
-3.98331E-1
-3.98975E-1
-4.00908E-1
-4.02518E-1
-4.03806E-1
-4.01874E-1
-4.01230E-1
-4.01874E-1
-4.01230E-1
-4.00908E-1
-4.01552E-1
-4.00263E-1
-3.98653E-1
-4.00908E-1
-4.02196E-1
-4.03484E-1
-4.04128E-1
-4.03162E-1
-4.02840E-1
-4.00585E-1
-4.01230E-1
-4.02518E-1
-4.01230E-1
-4.00908E-1
-4.01874E-1
-4.02196E-1
-4.04128E-1
-4.03484E-1
-4.04450E-1
-4.03484E-1
-4.02196E-1
-4.00908E-1
-4.00585E-1
-4.00263E-1
-4.02196E-1
-4.02840E-1
-4.03484E-1
-4.02196E-1
-4.01552E-1
-4.02840E-1
-4.01230E-1
-4.03484E-1
-4.01552E-1
-3.98975E-1
-4.00908E-1
-3.98331E-1
-4.00585E-1
-4.00263E-1
-3.99941E-1
-3.99619E-1
-4.00263E-1
-3.99941E-1
-3.99619E-1
-4.00263E-1
-4.00585E-1
-4.02518E-1
-3.96076E-1
-3.39068E-1
-2.60157E-1
-1.88010E-1
-1.32934E-1
-9.68609E-2
-7.78580E-2
-6.65851E-2
-5.72447E-2
-4.66160E-2
-3.75976E-2
-3.05118E-2
-2.66468E-2
-2.34260E-2
-2.11714E-2
-1.92389E-2
-1.69843E-2
-1.53739E-2
-1.44076E-2
-1.34414E-2
-1.34414E-2
-1.21530E-2
-1.21530E-2
-1.18310E-2
-1.21530E-2
-1.21530E-2
-1.15089E-2
-1.15089E-2
-1.11868E-2
-1.11868E-2
-1.15089E-2
-1.05426E-2
-1.08647E-2
-9.25430E-3
-6.35555E-3
-9.25430E-3
-1.05426E-2
-1.24751E-2
-1.15089E-2
-1.05426E-2
-9.89847E-3
-1.05426E-2
-1.05426E-2
-1.05426E-2
-1.02205E-2
-9.89847E-3
-1.08647E-2
-9.89847E-3
-1.05426E-2
-9.57638E-3
-9.89847E-3
-9.89847E-3
-9.57638E-3
-9.89847E-3
-9.57638E-3
-9.89847E-3
-9.89847E-3
-9.25430E-3
-9.89847E-3
-9.25430E-3
-9.57638E-3
-9.57638E-3
-9.57638E-3
-9.25430E-3
-9.25430E-3
-9.25430E-3
-8.93222E-3
-1.02205E-2
-9.89847E-3
-9.25430E-3
-9.25430E-3
-9.25430E-3
-9.25430E-3
-9.57638E-3
-8.61013E-3
-9.57638E-3
-9.25430E-3
-8.61013E-3
-9.25430E-3
-8.61013E-3
-9.25430E-3
-8.61013E-3
-8.61013E-3
-9.89847E-3
-1.21530E-2
-1.05426E-2
-8.61013E-3
-6.35555E-3
-7.64388E-3
-8.61013E-3
-1.05426E-2
-8.61013E-3
-7.96597E-3
-8.61013E-3
-8.28805E-3
-8.93222E-3
-9.25430E-3
-9.25430E-3
-8.61013E-3
-8.28805E-3
-8.93222E-3
-8.93222E-3
-8.93222E-3
-9.25430E-3
-8.61013E-3
-8.93222E-3
-9.25430E-3
-9.25430E-3
-8.28805E-3
-8.28805E-3
-8.61013E-3
-8.61013E-3
-9.25430E-3
-8.61013E-3
-8.61013E-3
-8.61013E-3
-7.96597E-3
-8.61013E-3
-7.64388E-3
-7.96597E-3
-8.28805E-3
-7.64388E-3
-7.96597E-3
-8.61013E-3
-8.61013E-3
-8.93222E-3
-8.93222E-3
-8.61013E-3
-8.61013E-3
-8.93222E-3
-9.25430E-3
-7.96597E-3
-9.25430E-3
-5.71138E-3
-4.10097E-3
-7.32180E-3
-8.61013E-3
-9.57638E-3
-9.25430E-3
-8.61013E-3
-7.64388E-3
-8.93222E-3
-9.25430E-3
-8.28805E-3
-8.28805E-3
-8.28805E-3
-8.61013E-3
-8.61013E-3
-8.28805E-3
-8.93222E-3
-8.93222E-3
-9.25430E-3
-8.61013E-3
-8.61013E-3
-8.61013E-3
-8.93222E-3
-8.28805E-3
-8.28805E-3
-9.25430E-3
-8.93222E-3
-9.25430E-3
-7.96597E-3
-7.64388E-3
-7.64388E-3
-8.28805E-3
-8.28805E-3
-8.28805E-3
-8.28805E-3
-8.61013E-3
-9.25430E-3
-8.61013E-3
-9.57638E-3
-8.28805E-3
-7.64388E-3
-7.96597E-3
-8.28805E-3
-7.96597E-3
-7.96597E-3
-7.96597E-3
-8.28805E-3
-8.28805E-3
-7.96597E-3
-7.96597E-3
-8.61013E-3
-1.21530E-2
-9.89847E-3
-8.28805E-3
-5.06722E-3
-6.35555E-3
-7.96597E-3
-9.57638E-3
-8.28805E-3
-7.64388E-3
-8.28805E-3
-8.61013E-3
-8.93222E-3
-8.28805E-3
-8.28805E-3
-8.93222E-3
-8.61013E-3
-8.28805E-3
-8.61013E-3
-8.61013E-3
-8.28805E-3
-8.93222E-3
-8.61013E-3
-8.61013E-3
-8.28805E-3
-8.93222E-3
-8.61013E-3
-8.28805E-3
-8.61013E-3
-8.28805E-3
-8.93222E-3
-8.93222E-3
-8.93222E-3
-8.61013E-3
-7.96597E-3
-8.28805E-3
-8.28805E-3
-8.61013E-3
-8.61013E-3
-8.93222E-3
-8.61013E-3
-8.61013E-3
-8.28805E-3
-9.25430E-3
-8.61013E-3
-8.28805E-3
-8.28805E-3
-7.96597E-3
-8.28805E-3
-8.28805E-3
-6.67763E-3
-4.42305E-3
-6.99972E-3
-8.28805E-3
-9.57638E-3
-9.25430E-3
-8.93222E-3
-6.99972E-3
-8.61013E-3
-8.93222E-3
-8.61013E-3
-8.61013E-3
-8.61013E-3
-7.96597E-3
-7.96597E-3
-8.61013E-3
-8.61013E-3
-8.28805E-3
-8.61013E-3
-8.61013E-3
-8.28805E-3
-8.61013E-3
-9.25430E-3
-8.93222E-3
-8.93222E-3
-8.61013E-3
-9.25430E-3
-9.25430E-3
-8.61013E-3
-8.93222E-3
-9.25430E-3
-9.25430E-3
-8.93222E-3
-8.61013E-3
-8.93222E-3
-8.28805E-3
-8.93222E-3
-8.28805E-3
-7.96597E-3
-8.61013E-3
-8.61013E-3
-8.28805E-3
-8.61013E-3
-8.28805E-3
-8.61013E-3
-8.61013E-3
-8.61013E-3
-8.61013E-3
-8.61013E-3
-8.61013E-3
-8.61013E-3
-1.37635E-2
-1.08647E-2
-7.64388E-3
-5.06722E-3
-6.99972E-3
-8.28805E-3
-9.25430E-3
-7.32180E-3
-7.64388E-3
-8.28805E-3
-7.96597E-3
-9.25430E-3
-8.61013E-3
-8.28805E-3
-8.61013E-3
-9.25430E-3
-9.25430E-3
-8.28805E-3
-9.25430E-3
-9.25430E-3
-9.25430E-3
-9.25430E-3
-8.28805E-3
-8.61013E-3
-9.57638E-3
-9.57638E-3
-9.25430E-3
-9.25430E-3
-8.93222E-3
-9.25430E-3
-9.25430E-3
-8.93222E-3
-9.57638E-3
-9.25430E-3
-8.93222E-3
-8.61013E-3
-8.28805E-3
-7.96597E-3
-9.25430E-3
-9.25430E-3
-8.93222E-3
-8.93222E-3
-8.93222E-3
-8.28805E-3
-8.61013E-3
-8.28805E-3
-8.28805E-3
-8.61013E-3
-8.28805E-3
-8.28805E-3
-5.38930E-3
-6.99972E-3
-8.61013E-3
-1.11868E-2
