6.83430E+9
4.61330E+8
-3.87015E-1
0.00000E+0
0.00000E+0
0.00000E+0
5.00000E-7
-1.08647E-2
-7.64388E-3
-7.32180E-3
-7.64388E-3
-7.32180E-3
-8.61013E-3
-7.96597E-3
-7.32180E-3
-7.64388E-3
-7.32180E-3
-7.96597E-3
-7.32180E-3
-7.32180E-3
-6.99972E-3
-7.64388E-3
-7.32180E-3
-8.61013E-3
-7.32180E-3
-7.96597E-3
-7.32180E-3
-7.96597E-3
-7.32180E-3
-7.32180E-3
-7.64388E-3
-7.32180E-3
-8.28805E-3
-8.28805E-3
-7.64388E-3
-7.64388E-3
-8.61013E-3
-8.28805E-3
-7.64388E-3
-5.38930E-3
-5.38930E-3
-1.18310E-2
-2.89014E-2
-4.72601E-2
-5.75668E-2
-6.36864E-2
-6.59409E-2
-6.85176E-2
-7.17384E-2
-7.36709E-2
-7.56034E-2
-7.65697E-2
-7.78580E-2
-7.75359E-2
-7.85022E-2
-7.97905E-2
-8.04347E-2
-8.07568E-2
-8.10789E-2
-8.14009E-2
-8.07568E-2
-8.07568E-2
-8.07568E-2
-8.04347E-2
-8.14009E-2
-8.04347E-2
-8.20451E-2
-8.17230E-2
-8.20451E-2
-8.17230E-2
-8.20451E-2
-8.23672E-2
-8.30114E-2
-8.14009E-2
-8.23672E-2
-8.17230E-2
-8.20451E-2
-8.14009E-2
-8.14009E-2
-8.14009E-2
-8.14009E-2
-8.14009E-2
-8.14009E-2
-8.04347E-2
-8.10789E-2
-8.07568E-2
-8.04347E-2
-8.14009E-2
-7.94684E-2
-8.04347E-2
-8.07568E-2
-8.01126E-2
-7.91464E-2
-7.97905E-2
-7.97905E-2
-7.94684E-2
-7.97905E-2
-7.97905E-2
-8.01126E-2
-7.91464E-2
-7.91464E-2
-7.94684E-2
-7.91464E-2
-7.88243E-2
-7.88243E-2
-7.88243E-2
-7.88243E-2
-7.81801E-2
-7.85022E-2
-7.78580E-2
-7.78580E-2
-7.75359E-2
-7.78580E-2
-7.81801E-2
-7.75359E-2
-7.85022E-2
-7.81801E-2
-7.85022E-2
-7.81801E-2
-7.78580E-2
-7.78580E-2
-7.85022E-2
-7.72139E-2
-7.68918E-2
-7.75359E-2
-7.65697E-2
-7.68918E-2
-7.65697E-2
-7.68918E-2
-7.68918E-2
-7.68918E-2
-7.68918E-2
-7.78580E-2
-7.65697E-2
-7.68918E-2
-7.62476E-2
-7.59255E-2
-7.07722E-2
-7.59255E-2
-7.52814E-2
-6.72293E-2
-5.24135E-2
-3.72755E-2
-2.69689E-2
-2.05272E-2
-1.79505E-2
-1.69843E-2
-1.66622E-2
-1.37635E-2
-1.18310E-2
-1.11868E-2
-9.89847E-3
-9.57638E-3
-8.93222E-3
-8.93222E-3
-8.93222E-3
-8.61013E-3
-8.28805E-3
-7.32180E-3
-8.28805E-3
-7.96597E-3
-7.64388E-3
-7.96597E-3
-8.61013E-3
-7.64388E-3
-7.64388E-3
-6.99972E-3
-7.64388E-3
-7.64388E-3
-7.32180E-3
-7.64388E-3
-7.64388E-3
-7.64388E-3
-7.32180E-3
-7.32180E-3
-7.32180E-3
-7.32180E-3
-7.64388E-3
-6.35555E-3
-7.32180E-3
-2.82572E-2
-9.58947E-2
-1.66753E-1
-2.24728E-1
-2.66277E-1
-2.97197E-1
-3.22319E-1
-3.41000E-1
-3.55172E-1
-3.65478E-1
-3.74175E-1
-3.81905E-1
-3.88024E-1
-3.92533E-1
-3.95432E-1
-3.97043E-1
-3.98331E-1
-3.97687E-1
-3.97687E-1
-3.97687E-1
-3.99941E-1
-4.01552E-1
-4.02518E-1
-4.03162E-1
-4.03806E-1
-4.04773E-1
-4.05095E-1
-4.05095E-1
-4.05095E-1
-4.06383E-1
-4.06061E-1
-4.07027E-1
-4.06061E-1
-4.06383E-1
-4.06061E-1
-4.06061E-1
-4.05095E-1
-4.04450E-1
-4.03806E-1
-4.04128E-1
-4.03806E-1
-4.04128E-1
-4.04128E-1
-4.05417E-1
-4.05095E-1
-4.06061E-1
-4.06061E-1
-4.06383E-1
-4.05417E-1
-4.04773E-1
-4.04450E-1
-4.04773E-1
-4.04450E-1
-4.06061E-1
-4.06383E-1
-4.04450E-1
-4.04773E-1
-4.04450E-1
-4.04450E-1
-4.04773E-1
-4.04450E-1
-4.05417E-1
-4.05417E-1
-4.05417E-1
-4.05417E-1
-4.05095E-1
-4.04773E-1
-4.06061E-1
-4.05739E-1
-4.05739E-1
-4.05095E-1
-4.05417E-1
-4.05095E-1
-4.05095E-1
-4.06061E-1
-4.07671E-1
-4.08960E-1
-4.09604E-1
-4.07671E-1
-4.07349E-1
-4.06061E-1
-4.06705E-1
-4.06383E-1
-4.05739E-1
-4.05095E-1
-4.04450E-1
-4.04450E-1
-4.04450E-1
-4.04128E-1
-4.04128E-1
-4.04128E-1
-4.05095E-1
-4.04773E-1
-4.05417E-1
-4.05739E-1
-4.07027E-1
-4.06383E-1
-4.07027E-1
-4.08960E-1
-4.03484E-1
-3.44865E-1
-2.65310E-1
-1.91875E-1
-1.35833E-1
-9.87934E-2
-8.04347E-2
-6.75514E-2
-5.78889E-2
-4.79043E-2
-3.95301E-2
-3.14780E-2
-2.76130E-2
-2.40701E-2
-2.14935E-2
-1.98830E-2
-1.76285E-2
-1.56960E-2
-1.53739E-2
-1.47297E-2
-1.40855E-2
-1.34414E-2
-1.31193E-2
-1.27972E-2
-1.21530E-2
-1.15089E-2
-1.18310E-2
-1.18310E-2
-1.21530E-2
-1.18310E-2
-1.11868E-2
-1.18310E-2
-1.11868E-2
-1.11868E-2
-1.08647E-2
-1.11868E-2
-1.05426E-2
-1.11868E-2
-1.08647E-2
-1.02205E-2
-1.08647E-2
-1.08647E-2
-1.08647E-2
-1.08647E-2
-1.05426E-2
-1.05426E-2
-1.05426E-2
-1.08647E-2
-9.89847E-3
-1.02205E-2
-1.08647E-2
-1.11868E-2
-1.02205E-2
-9.89847E-3
-1.02205E-2
-1.05426E-2
-1.02205E-2
-9.89847E-3
-9.89847E-3
-1.02205E-2
-1.02205E-2
-9.89847E-3
-9.57638E-3
-9.89847E-3
-9.25430E-3
-9.25430E-3
-9.25430E-3
-9.57638E-3
-9.25430E-3
-9.25430E-3
-8.61013E-3
-9.25430E-3
-9.89847E-3
-8.28805E-3
-9.57638E-3
-9.25430E-3
-8.93222E-3
-9.89847E-3
-8.93222E-3
-8.93222E-3
-8.93222E-3
-9.25430E-3
-9.25430E-3
-9.25430E-3
-8.61013E-3
-8.28805E-3
-8.61013E-3
-8.61013E-3
-8.93222E-3
-8.93222E-3
-8.61013E-3
-7.96597E-3
-8.61013E-3
-8.61013E-3
-8.61013E-3
-8.61013E-3
-8.61013E-3
-8.61013E-3
-8.61013E-3
-9.25430E-3
-9.25430E-3
-9.25430E-3
-9.25430E-3
-7.96597E-3
-7.96597E-3
-9.25430E-3
-9.25430E-3
-8.61013E-3
-8.61013E-3
-9.25430E-3
-8.61013E-3
-9.25430E-3
-8.28805E-3
-8.61013E-3
-7.96597E-3
-8.28805E-3
-8.28805E-3
-8.28805E-3
-9.57638E-3
-8.93222E-3
-8.28805E-3
-9.25430E-3
-8.61013E-3
-8.61013E-3
-8.93222E-3
-9.25430E-3
-8.61013E-3
-8.28805E-3
-7.96597E-3
-7.64388E-3
-8.28805E-3
-7.96597E-3
-7.96597E-3
-7.96597E-3
-7.96597E-3
-7.64388E-3
-7.64388E-3
-7.96597E-3
-7.96597E-3
-7.96597E-3
-7.96597E-3
-8.61013E-3
-7.32180E-3
-7.64388E-3
-8.28805E-3
-8.28805E-3
-7.96597E-3
-7.96597E-3
-7.96597E-3
-7.96597E-3
-7.64388E-3
-7.96597E-3
-8.28805E-3
-7.96597E-3
-8.93222E-3
-8.28805E-3
-8.61013E-3
-8.28805E-3
-8.93222E-3
-8.28805E-3
-8.61013E-3
-8.93222E-3
-8.61013E-3
-8.28805E-3
-8.28805E-3
-9.25430E-3
-9.25430E-3
-9.25430E-3
-7.96597E-3
-8.28805E-3
-8.61013E-3
-8.28805E-3
-7.32180E-3
-7.64388E-3
-7.32180E-3
-8.28805E-3
-8.28805E-3
-8.61013E-3
-7.96597E-3
-8.93222E-3
-7.96597E-3
-8.28805E-3
-8.61013E-3
-8.61013E-3
-7.96597E-3
-7.64388E-3
-7.96597E-3
-7.64388E-3
-7.32180E-3
-7.32180E-3
-7.32180E-3
-7.64388E-3
-7.32180E-3
-7.64388E-3
-7.96597E-3
-7.32180E-3
-7.64388E-3
-6.99972E-3
-8.28805E-3
-7.64388E-3
-7.64388E-3
-7.32180E-3
-6.99972E-3
-7.96597E-3
-6.99972E-3
-7.64388E-3
-7.32180E-3
-7.32180E-3
-7.96597E-3
-8.28805E-3
-7.96597E-3
-7.64388E-3
-7.64388E-3
-7.96597E-3
-7.96597E-3
-8.28805E-3
-8.61013E-3
-7.64388E-3
-8.28805E-3
-8.28805E-3
-8.28805E-3
-8.61013E-3
-8.61013E-3
-7.64388E-3
-7.96597E-3
-7.96597E-3
-7.64388E-3
-8.28805E-3
-7.64388E-3
-8.28805E-3
-7.96597E-3
-7.64388E-3
-7.64388E-3
-8.28805E-3
-8.28805E-3
-7.96597E-3
-7.96597E-3
-7.96597E-3
-8.61013E-3
-8.28805E-3
-7.64388E-3
-7.32180E-3
-7.96597E-3
-7.32180E-3
-7.96597E-3
-7.96597E-3
-8.28805E-3
-7.32180E-3
-7.64388E-3
-7.64388E-3
-7.64388E-3
-6.99972E-3
-7.96597E-3
-7.32180E-3
-7.96597E-3
-7.64388E-3
-7.96597E-3
-7.64388E-3
-7.64388E-3
-7.96597E-3
-7.32180E-3
-7.96597E-3
-7.32180E-3
-7.96597E-3
-7.96597E-3
-7.32180E-3
-7.96597E-3
-7.32180E-3
-8.61013E-3
-8.28805E-3
-8.61013E-3
-7.64388E-3
-7.96597E-3
-7.96597E-3
-8.93222E-3
-8.28805E-3
-8.61013E-3
-8.93222E-3
-8.61013E-3
-8.61013E-3
-8.28805E-3
-8.28805E-3
-8.61013E-3
-7.96597E-3
-8.28805E-3
-8.93222E-3
-7.96597E-3
-7.96597E-3
-7.96597E-3
-8.28805E-3
-8.28805E-3
-7.64388E-3
-8.28805E-3
-7.64388E-3
-7.64388E-3
-7.64388E-3
-7.64388E-3
-7.96597E-3
-8.28805E-3
-7.32180E-3
-7.64388E-3
-7.64388E-3
-7.64388E-3
-7.32180E-3
-7.96597E-3
-7.64388E-3
-7.96597E-3
-7.96597E-3
-7.96597E-3
-7.32180E-3
-7.64388E-3
-7.64388E-3
-7.96597E-3
-7.32180E-3
-7.32180E-3
-7.64388E-3
-8.28805E-3
-7.32180E-3
-7.64388E-3
-7.32180E-3
-7.32180E-3
-7.64388E-3
-8.28805E-3
-7.64388E-3
-7.64388E-3
-7.96597E-3
-7.96597E-3
-7.32180E-3
-7.32180E-3
-7.96597E-3
-6.67763E-3
-7.96597E-3
-8.28805E-3
-7.96597E-3
-7.64388E-3
-7.64388E-3
-7.96597E-3
-7.96597E-3
