6.83500E+9
4.62030E+8
-3.82433E-1
0.00000E+0
0.00000E+0
0.00000E+0
5.00000E-7
-1.18310E-2
-7.64388E-3
-7.96597E-3
-8.61013E-3
-8.28805E-3
-9.25430E-3
-7.64388E-3
-7.96597E-3
-8.28805E-3
-6.67763E-3
-8.61013E-3
-1.02205E-2
-8.93222E-3
-7.96597E-3
-9.57638E-3
-8.61013E-3
-8.28805E-3
-7.64388E-3
-7.64388E-3
-7.32180E-3
-8.28805E-3
-7.64388E-3
-7.96597E-3
-7.64388E-3
-8.61013E-3
-8.61013E-3
-7.32180E-3
-8.28805E-3
-8.28805E-3
-8.28805E-3
-7.96597E-3
-6.99972E-3
-5.06722E-3
-3.77888E-3
-1.05426E-2
-2.63247E-2
-4.11405E-2
-5.11251E-2
-5.59564E-2
-5.88551E-2
-6.14318E-2
-6.43305E-2
-6.62630E-2
-6.85176E-2
-6.98059E-2
-7.04501E-2
-7.01280E-2
-7.07722E-2
-7.17384E-2
-7.14164E-2
-7.20605E-2
-7.27047E-2
-7.20605E-2
-7.23826E-2
-7.27047E-2
-7.20605E-2
-7.30268E-2
-7.23826E-2
-7.30268E-2
-7.56034E-2
-7.14164E-2
-6.88397E-2
-7.30268E-2
-7.39930E-2
-7.30268E-2
-7.27047E-2
-7.30268E-2
-7.39930E-2
-7.30268E-2
-7.27047E-2
-7.23826E-2
-7.30268E-2
-7.30268E-2
-7.30268E-2
-7.33489E-2
-7.39930E-2
-7.23826E-2
-7.30268E-2
-7.23826E-2
-7.17384E-2
-7.20605E-2
-7.17384E-2
-7.20605E-2
-7.17384E-2
-7.27047E-2
-7.20605E-2
-7.17384E-2
-7.10943E-2
-7.20605E-2
-7.23826E-2
-7.17384E-2
-7.17384E-2
-7.17384E-2
-7.17384E-2
-7.14164E-2
-7.14164E-2
-7.10943E-2
-7.14164E-2
-7.17384E-2
-7.17384E-2
-7.14164E-2
-7.14164E-2
-7.07722E-2
-7.07722E-2
-7.10943E-2
-7.07722E-2
-7.07722E-2
-7.04501E-2
-6.98059E-2
-6.91618E-2
-6.98059E-2
-7.33489E-2
-7.01280E-2
-6.91618E-2
-7.01280E-2
-7.04501E-2
-6.91618E-2
-6.91618E-2
-6.94839E-2
-6.98059E-2
-6.94839E-2
-6.98059E-2
-6.98059E-2
-6.91618E-2
-6.88397E-2
-6.91618E-2
-6.81955E-2
-6.91618E-2
-6.88397E-2
-6.91618E-2
-6.46526E-2
-6.94839E-2
-6.88397E-2
-6.30422E-2
-4.95147E-2
-3.56651E-2
-2.50364E-2
-1.98830E-2
-1.76285E-2
-1.63401E-2
-1.53739E-2
-1.27972E-2
-1.11868E-2
-1.02205E-2
-9.25430E-3
-9.25430E-3
-8.61013E-3
-9.25430E-3
-7.96597E-3
-8.28805E-3
-7.64388E-3
-7.64388E-3
-7.96597E-3
-7.32180E-3
-8.28805E-3
-8.28805E-3
-7.96597E-3
-7.32180E-3
-7.64388E-3
-1.05426E-2
-6.99972E-3
-4.42305E-3
-7.64388E-3
-8.28805E-3
-6.67763E-3
-6.67763E-3
-6.67763E-3
-7.64388E-3
-7.64388E-3
-7.64388E-3
-6.67763E-3
-6.67763E-3
-7.96597E-3
-2.79351E-2
-9.26739E-2
-1.63854E-1
-2.17964E-1
-2.58225E-1
-2.87534E-1
-3.11690E-1
-3.31338E-1
-3.46153E-1
-3.58070E-1
-3.66767E-1
-3.72886E-1
-3.79006E-1
-3.82549E-1
-3.86092E-1
-3.88990E-1
-3.92855E-1
-3.94466E-1
-3.95432E-1
-3.96076E-1
-3.97687E-1
-3.98653E-1
-3.98975E-1
-3.98009E-1
-3.98331E-1
-3.99297E-1
-3.99297E-1
-4.01874E-1
-4.01552E-1
-4.02518E-1
-4.02196E-1
-4.02196E-1
-4.02196E-1
-4.02840E-1
-4.02840E-1
-4.01230E-1
-3.98975E-1
-3.97687E-1
-4.04128E-1
-4.01230E-1
-4.00908E-1
-4.02196E-1
-4.02518E-1
-4.02196E-1
-3.99941E-1
-4.00908E-1
-4.01874E-1
-4.01874E-1
-3.99941E-1
-3.99941E-1
-3.99297E-1
-3.99619E-1
-3.99941E-1
-3.99297E-1
-3.99619E-1
-4.00908E-1
-4.01552E-1
-4.02518E-1
-4.00263E-1
-3.99297E-1
-4.00585E-1
-4.00263E-1
-3.99297E-1
-3.98653E-1
-3.98331E-1
-3.98653E-1
-3.99297E-1
-4.00585E-1
-4.02518E-1
-4.02840E-1
-4.02196E-1
-4.02196E-1
-4.02196E-1
-4.01874E-1
-4.01230E-1
-4.00263E-1
-3.99941E-1
-4.00908E-1
-4.00263E-1
-4.01230E-1
-4.01230E-1
-4.02518E-1
-4.02518E-1
-4.00908E-1
-4.00908E-1
-3.99619E-1
-4.02518E-1
-4.01874E-1
-3.96398E-1
-4.03162E-1
-4.03484E-1
-4.01552E-1
-4.01552E-1
-3.99297E-1
-4.00908E-1
-4.00908E-1
-3.99941E-1
-3.99619E-1
-3.99941E-1
-3.96076E-1
-3.38423E-1
-2.60157E-1
-1.87688E-1
-1.32934E-1
-9.75051E-2
-7.78580E-2
-6.72293E-2
-5.69226E-2
-4.69380E-2
-3.85639E-2
-3.21222E-2
-2.72910E-2
-2.43922E-2
-2.21376E-2
-1.95610E-2
-1.79505E-2
-1.63401E-2
-1.53739E-2
-1.40855E-2
-1.34414E-2
-1.37635E-2
-1.34414E-2
-1.27972E-2
-1.34414E-2
-1.18310E-2
-1.27972E-2
-1.27972E-2
-1.21530E-2
-1.21530E-2
-1.18310E-2
-1.15089E-2
-1.15089E-2
-1.18310E-2
-1.15089E-2
-1.15089E-2
-1.11868E-2
-1.05426E-2
-1.15089E-2
-1.40855E-2
-1.18310E-2
-1.08647E-2
-1.21530E-2
-1.18310E-2
-1.18310E-2
-1.05426E-2
-1.08647E-2
-1.05426E-2
-1.08647E-2
-1.11868E-2
-1.05426E-2
-9.89847E-3
-9.89847E-3
-1.05426E-2
-1.08647E-2
-1.05426E-2
-9.89847E-3
-1.08647E-2
-1.05426E-2
-9.89847E-3
-9.89847E-3
-1.02205E-2
-9.57638E-3
-1.05426E-2
-9.57638E-3
-1.05426E-2
-9.89847E-3
-9.57638E-3
-9.89847E-3
-9.25430E-3
-9.57638E-3
-9.25430E-3
-9.25430E-3
-9.25430E-3
-9.89847E-3
-9.57638E-3
-9.89847E-3
-8.93222E-3
-9.57638E-3
-8.93222E-3
-8.93222E-3
-8.93222E-3
-8.93222E-3
-7.96597E-3
-7.96597E-3
-7.96597E-3
-8.61013E-3
-1.11868E-2
-6.35555E-3
-4.10097E-3
-7.96597E-3
-8.93222E-3
-7.32180E-3
-7.64388E-3
-7.96597E-3
-9.25430E-3
-9.25430E-3
-9.57638E-3
-8.28805E-3
-8.28805E-3
-9.25430E-3
-9.25430E-3
-8.93222E-3
-8.28805E-3
-8.61013E-3
-9.57638E-3
-9.57638E-3
-8.28805E-3
-8.61013E-3
-9.57638E-3
-8.61013E-3
-1.02205E-2
-9.57638E-3
-9.57638E-3
-9.89847E-3
-9.89847E-3
-1.02205E-2
-9.89847E-3
-9.25430E-3
-9.25430E-3
-9.25430E-3
-9.25430E-3
-9.25430E-3
-8.93222E-3
-9.25430E-3
-8.28805E-3
-9.57638E-3
-9.25430E-3
-8.93222E-3
-8.93222E-3
-7.96597E-3
-9.25430E-3
-9.25430E-3
-8.93222E-3
-8.93222E-3
-9.25430E-3
-8.28805E-3
-7.96597E-3
-9.57638E-3
-1.05426E-2
-8.93222E-3
-8.28805E-3
-8.93222E-3
-8.28805E-3
-8.28805E-3
-7.32180E-3
-7.64388E-3
-8.93222E-3
-8.28805E-3
-7.64388E-3
-7.96597E-3
-8.61013E-3
-8.28805E-3
-7.64388E-3
-7.96597E-3
-7.96597E-3
-8.28805E-3
-8.61013E-3
-7.64388E-3
-8.28805E-3
-6.99972E-3
-7.32180E-3
-7.64388E-3
-7.64388E-3
-7.32180E-3
-8.93222E-3
-8.28805E-3
-9.25430E-3
-8.61013E-3
-8.28805E-3
-8.61013E-3
-7.64388E-3
-7.96597E-3
-7.96597E-3
-8.28805E-3
-7.96597E-3
-7.64388E-3
-7.64388E-3
-7.96597E-3
-7.96597E-3
-8.28805E-3
-8.28805E-3
-8.28805E-3
-8.61013E-3
-8.28805E-3
-8.28805E-3
-8.28805E-3
-1.08647E-2
-6.35555E-3
-3.77888E-3
-8.28805E-3
-8.93222E-3
-7.96597E-3
-6.99972E-3
-7.64388E-3
-9.25430E-3
-8.93222E-3
-7.96597E-3
-7.64388E-3
-7.64388E-3
-7.64388E-3
-7.64388E-3
-8.28805E-3
-7.96597E-3
-7.32180E-3
-7.64388E-3
-7.96597E-3
-7.32180E-3
-7.32180E-3
-7.64388E-3
-7.64388E-3
-7.64388E-3
-7.32180E-3
-7.64388E-3
-6.67763E-3
-7.96597E-3
-7.64388E-3
-7.64388E-3
-7.64388E-3
-7.32180E-3
-7.64388E-3
-7.64388E-3
-8.28805E-3
-7.64388E-3
-7.96597E-3
-7.96597E-3
-7.96597E-3
-7.96597E-3
-6.99972E-3
-7.64388E-3
-7.64388E-3
-7.96597E-3
-7.32180E-3
-7.64388E-3
-7.96597E-3
-6.99972E-3
-7.96597E-3
-7.64388E-3
-8.93222E-3
-1.05426E-2
-8.28805E-3
-7.96597E-3
-9.57638E-3
-8.93222E-3
-8.93222E-3
-7.96597E-3
-8.61013E-3
-8.93222E-3
-8.28805E-3
-8.28805E-3
-7.96597E-3
-7.32180E-3
-7.96597E-3
-7.64388E-3
-7.64388E-3
-8.28805E-3
-7.96597E-3
-7.32180E-3
-8.28805E-3
-7.96597E-3
-7.64388E-3
-7.64388E-3
-8.28805E-3
-7.32180E-3
-7.96597E-3
-7.64388E-3
-7.96597E-3
-7.96597E-3
-8.61013E-3
-7.96597E-3
-8.28805E-3
-8.28805E-3
-8.28805E-3
-8.28805E-3
-8.28805E-3
-7.64388E-3
-7.64388E-3
-7.96597E-3
-7.96597E-3
-7.64388E-3
-7.64388E-3
-7.64388E-3
-7.32180E-3
-7.96597E-3
-7.64388E-3
-6.99972E-3
-7.64388E-3
-1.08647E-2
-6.67763E-3
-4.10097E-3
-7.32180E-3
-7.64388E-3
-6.67763E-3
-6.35555E-3
-6.99972E-3
-8.28805E-3
-7.96597E-3
-7.64388E-3
-7.64388E-3
-7.32180E-3
-7.32180E-3
-7.64388E-3
-7.32180E-3
-7.32180E-3
-7.64388E-3
-7.96597E-3
-7.32180E-3
-7.32180E-3
-7.64388E-3
-7.96597E-3
-7.32180E-3
-7.32180E-3
-6.99972E-3
-7.32180E-3
-7.64388E-3
-7.64388E-3
-7.64388E-3
-7.32180E-3
-7.96597E-3
-7.32180E-3
-7.64388E-3
-7.96597E-3
-7.64388E-3
-7.96597E-3
-8.28805E-3
-7.64388E-3
-7.64388E-3
-7.64388E-3
-7.96597E-3
-7.64388E-3
-7.96597E-3
-8.61013E-3
-7.96597E-3
-7.64388E-3
-8.28805E-3
-7.64388E-3
-8.28805E-3
-6.67763E-3
