6.83413E+9
4.61160E+8
-3.01577E-1
0.00000E+0
0.00000E+0
0.00000E+0
5.00000E-7
-1.08647E-2
-7.96597E-3
-7.96597E-3
-8.28805E-3
-7.96597E-3
-8.28805E-3
-8.93222E-3
-7.96597E-3
-7.96597E-3
-7.32180E-3
-7.64388E-3
-6.99972E-3
-7.32180E-3
-7.32180E-3
-7.32180E-3
-8.28805E-3
-7.32180E-3
-7.32180E-3
-7.96597E-3
-8.28805E-3
-7.96597E-3
-7.32180E-3
-7.32180E-3
-8.93222E-3
-7.96597E-3
-8.61013E-3
-7.64388E-3
-8.28805E-3
-8.61013E-3
-7.96597E-3
-8.28805E-3
-7.32180E-3
-5.06722E-3
-4.10097E-3
-5.38930E-3
-1.02205E-2
-1.66622E-2
-2.08493E-2
-2.31039E-2
-2.43922E-2
-2.47143E-2
-2.56805E-2
-2.66468E-2
-2.69689E-2
-2.79351E-2
-2.82572E-2
-2.95455E-2
-2.89014E-2
-2.92235E-2
-2.98676E-2
-2.92235E-2
-3.01897E-2
-3.05118E-2
-3.08339E-2
-3.01897E-2
-3.05118E-2
-2.98676E-2
-3.01897E-2
-2.95455E-2
-3.01897E-2
-2.98676E-2
-3.05118E-2
-3.01897E-2
-3.05118E-2
-3.05118E-2
-3.11560E-2
-3.18001E-2
-3.05118E-2
-3.05118E-2
-3.11560E-2
-3.14780E-2
-3.08339E-2
-3.05118E-2
-3.01897E-2
-3.08339E-2
-3.01897E-2
-3.05118E-2
-3.08339E-2
-3.08339E-2
-3.05118E-2
-3.21222E-2
-3.08339E-2
-3.08339E-2
-3.08339E-2
-3.05118E-2
-3.05118E-2
-3.14780E-2
-2.98676E-2
-3.01897E-2
-3.11560E-2
-3.01897E-2
-3.05118E-2
-3.11560E-2
-3.05118E-2
-3.11560E-2
-3.11560E-2
-3.01897E-2
-3.01897E-2
-3.11560E-2
-3.11560E-2
-3.08339E-2
-3.08339E-2
-3.18001E-2
-3.05118E-2
-3.14780E-2
-3.05118E-2
-3.14780E-2
-3.18001E-2
-3.14780E-2
-3.14780E-2
-3.08339E-2
-3.11560E-2
-3.08339E-2
-3.11560E-2
-3.05118E-2
-3.11560E-2
-3.11560E-2
-3.11560E-2
-3.08339E-2
-3.05118E-2
-3.08339E-2
-3.08339E-2
-3.08339E-2
-3.11560E-2
-3.01897E-2
-3.08339E-2
-3.11560E-2
-2.98676E-2
-3.05118E-2
-3.01897E-2
-2.53585E-2
-2.98676E-2
-3.05118E-2
-2.85793E-2
-2.27818E-2
-1.69843E-2
-1.37635E-2
-1.15089E-2
-1.11868E-2
-1.11868E-2
-1.05426E-2
-9.57638E-3
-8.28805E-3
-8.61013E-3
-8.28805E-3
-7.64388E-3
-8.28805E-3
-7.32180E-3
-7.96597E-3
-7.32180E-3
-7.64388E-3
-6.99972E-3
-7.32180E-3
-6.99972E-3
-7.32180E-3
-7.64388E-3
-7.32180E-3
-7.64388E-3
-7.32180E-3
-6.99972E-3
-7.64388E-3
-6.67763E-3
-7.64388E-3
-7.64388E-3
-7.64388E-3
-7.32180E-3
-6.99972E-3
-6.67763E-3
-7.64388E-3
-7.32180E-3
-7.96597E-3
-6.99972E-3
-7.64388E-3
-1.98830E-2
-6.75514E-2
-1.25848E-1
-1.72873E-1
-2.06691E-1
-2.30525E-1
-2.49850E-1
-2.65633E-1
-2.76583E-1
-2.85602E-1
-2.91399E-1
-2.96875E-1
-3.00418E-1
-3.03638E-1
-3.06859E-1
-3.10724E-1
-3.11368E-1
-3.13623E-1
-3.13945E-1
-3.14911E-1
-3.16522E-1
-3.16522E-1
-3.17488E-1
-3.17166E-1
-3.18454E-1
-3.19098E-1
-3.18454E-1
-3.19743E-1
-3.19743E-1
-3.19743E-1
-3.20709E-1
-3.20709E-1
-3.21675E-1
-3.21353E-1
-3.21031E-1
-3.19743E-1
-3.18776E-1
-3.18776E-1
-3.20387E-1
-3.20065E-1
-3.20387E-1
-3.20387E-1
-3.19743E-1
-3.18776E-1
-3.20387E-1
-3.20065E-1
-3.20387E-1
-3.20387E-1
-3.18776E-1
-3.19743E-1
-3.19420E-1
-3.20709E-1
-3.20387E-1
-3.21675E-1
-3.21031E-1
-3.20709E-1
-3.21031E-1
-3.20387E-1
-3.20387E-1
-3.19743E-1
-3.19420E-1
-3.19743E-1
-3.19743E-1
-3.20387E-1
-3.21997E-1
-3.21997E-1
-3.21353E-1
-3.21675E-1
-3.19743E-1
-3.19420E-1
-3.19098E-1
-3.19420E-1
-3.18776E-1
-3.18454E-1
-3.18454E-1
-3.18776E-1
-3.18132E-1
-3.20387E-1
-3.20065E-1
-3.21353E-1
-3.19420E-1
-3.19098E-1
-3.19420E-1
-3.19743E-1
-3.19420E-1
-3.19743E-1
-3.19743E-1
-3.20709E-1
-3.20065E-1
-3.20065E-1
-3.20065E-1
-3.19420E-1
-3.19420E-1
-3.18776E-1
-3.19098E-1
-3.19098E-1
-3.19420E-1
-3.19420E-1
-3.20065E-1
-3.18454E-1
-2.72718E-1
-2.10878E-1
-1.51615E-1
-1.07490E-1
-8.04347E-2
-6.43305E-2
-5.62785E-2
-4.69380E-2
-3.98522E-2
-3.24443E-2
-2.76130E-2
-2.31039E-2
-2.11714E-2
-1.89168E-2
-1.73064E-2
-1.56960E-2
-1.37635E-2
-1.34414E-2
-1.24751E-2
-1.24751E-2
-1.24751E-2
-1.24751E-2
-1.21530E-2
-1.18310E-2
-1.24751E-2
-1.21530E-2
-1.18310E-2
-1.08647E-2
-1.11868E-2
-1.08647E-2
-1.02205E-2
-1.08647E-2
-1.05426E-2
-1.05426E-2
-1.02205E-2
-1.11868E-2
-1.02205E-2
-1.05426E-2
-1.05426E-2
-1.08647E-2
-1.11868E-2
-1.02205E-2
-1.05426E-2
-1.08647E-2
-9.89847E-3
-1.02205E-2
-9.25430E-3
-1.02205E-2
-9.25430E-3
-9.89847E-3
-9.89847E-3
-9.89847E-3
-1.05426E-2
-1.02205E-2
-9.89847E-3
-9.89847E-3
-9.89847E-3
-9.57638E-3
-1.02205E-2
-9.25430E-3
-9.89847E-3
-9.25430E-3
-9.57638E-3
-9.25430E-3
-9.25430E-3
-8.93222E-3
-9.89847E-3
-9.57638E-3
-9.57638E-3
-8.61013E-3
-7.96597E-3
-8.61013E-3
-9.25430E-3
-8.61013E-3
-9.25430E-3
-8.93222E-3
-8.61013E-3
-8.61013E-3
-8.28805E-3
-8.61013E-3
-8.93222E-3
-8.61013E-3
-9.57638E-3
-8.93222E-3
-9.25430E-3
-8.93222E-3
-9.25430E-3
-8.28805E-3
-8.28805E-3
-7.96597E-3
-7.96597E-3
-7.96597E-3
-8.61013E-3
-8.61013E-3
-8.61013E-3
-8.61013E-3
-8.61013E-3
-8.93222E-3
-9.57638E-3
-8.93222E-3
-8.28805E-3
-8.28805E-3
-8.61013E-3
-8.28805E-3
-8.93222E-3
-9.25430E-3
-9.57638E-3
-8.28805E-3
-8.61013E-3
-9.57638E-3
-8.93222E-3
-8.93222E-3
-9.25430E-3
-9.57638E-3
-8.28805E-3
-8.28805E-3
-8.61013E-3
-9.25430E-3
-8.28805E-3
-8.28805E-3
-8.61013E-3
-7.64388E-3
-8.93222E-3
-8.61013E-3
-9.25430E-3
-9.25430E-3
-9.25430E-3
-9.57638E-3
-9.25430E-3
-9.25430E-3
-9.25430E-3
-9.25430E-3
-8.93222E-3
-8.61013E-3
-9.25430E-3
-9.25430E-3
-8.93222E-3
-8.61013E-3
-9.25430E-3
-8.61013E-3
-8.93222E-3
-8.61013E-3
-8.28805E-3
-7.96597E-3
-8.28805E-3
-8.61013E-3
-8.61013E-3
-7.96597E-3
-7.96597E-3
-7.64388E-3
-8.28805E-3
-8.61013E-3
-8.28805E-3
-7.96597E-3
-8.28805E-3
-8.61013E-3
-7.96597E-3
-8.28805E-3
-8.93222E-3
-8.28805E-3
-8.61013E-3
-9.25430E-3
-8.61013E-3
-8.61013E-3
-8.61013E-3
-8.28805E-3
-8.61013E-3
-9.25430E-3
-8.61013E-3
-8.93222E-3
-9.25430E-3
-8.28805E-3
-9.25430E-3
-9.25430E-3
-8.61013E-3
-8.61013E-3
-8.93222E-3
-9.25430E-3
-8.61013E-3
-7.96597E-3
-7.64388E-3
-8.61013E-3
-8.28805E-3
-8.61013E-3
-8.93222E-3
-8.28805E-3
-7.96597E-3
-8.28805E-3
-7.96597E-3
-8.93222E-3
-7.64388E-3
-8.61013E-3
-8.61013E-3
-8.28805E-3
-7.64388E-3
-7.64388E-3
-8.61013E-3
-8.61013E-3
-8.28805E-3
-8.28805E-3
-8.28805E-3
-8.28805E-3
-8.61013E-3
-7.96597E-3
-8.61013E-3
-8.28805E-3
-8.28805E-3
-8.93222E-3
-8.93222E-3
-9.25430E-3
-8.28805E-3
-9.57638E-3
-8.28805E-3
-9.25430E-3
-8.61013E-3
-8.61013E-3
-8.61013E-3
-8.93222E-3
-8.61013E-3
-8.28805E-3
-8.28805E-3
-7.64388E-3
-7.96597E-3
-8.61013E-3
-8.28805E-3
-8.93222E-3
-8.28805E-3
-8.61013E-3
-8.28805E-3
-7.64388E-3
-8.28805E-3
-8.28805E-3
-7.96597E-3
-7.96597E-3
-8.28805E-3
-7.64388E-3
-8.28805E-3
-8.61013E-3
-8.61013E-3
-8.28805E-3
-7.32180E-3
-8.93222E-3
-7.64388E-3
-8.28805E-3
-8.61013E-3
-8.28805E-3
-7.64388E-3
-8.28805E-3
-7.64388E-3
-7.32180E-3
-7.64388E-3
-7.96597E-3
-7.96597E-3
-8.61013E-3
-8.28805E-3
-8.28805E-3
-8.61013E-3
-8.28805E-3
-8.61013E-3
-9.25430E-3
-9.57638E-3
-8.61013E-3
-8.28805E-3
-8.28805E-3
-7.64388E-3
-7.32180E-3
-7.64388E-3
-8.28805E-3
-8.28805E-3
-8.61013E-3
-8.28805E-3
-8.61013E-3
-7.96597E-3
-8.61013E-3
-8.93222E-3
-8.28805E-3
-8.61013E-3
-7.96597E-3
-7.96597E-3
-8.28805E-3
-8.28805E-3
-8.61013E-3
-8.61013E-3
-8.28805E-3
-8.61013E-3
-8.93222E-3
-8.28805E-3
-7.96597E-3
-7.64388E-3
-7.64388E-3
-7.32180E-3
-7.96597E-3
-8.61013E-3
-7.64388E-3
-8.61013E-3
-7.96597E-3
-7.64388E-3
-7.96597E-3
-7.96597E-3
-7.32180E-3
-7.64388E-3
-7.64388E-3
-7.64388E-3
-7.32180E-3
-7.96597E-3
-7.64388E-3
-7.64388E-3
-7.96597E-3
-7.96597E-3
-8.28805E-3
-7.96597E-3
-8.61013E-3
-7.96597E-3
-7.96597E-3
-7.64388E-3
-7.32180E-3
-8.61013E-3
-8.28805E-3
-9.25430E-3
-7.96597E-3
-8.61013E-3
-8.28805E-3
-8.93222E-3
-8.28805E-3
-7.64388E-3
-7.64388E-3
-7.96597E-3
-7.32180E-3
-7.64388E-3
-7.96597E-3
-7.96597E-3
-7.64388E-3
-8.28805E-3
-7.64388E-3
-7.64388E-3
-8.28805E-3
-7.96597E-3
