6.83486E+9
4.61890E+8
-3.79633E-1
0.00000E+0
0.00000E+0
0.00000E+0
5.00000E-7
-1.11868E-2
-9.89847E-3
-1.11868E-2
-9.25430E-3
-8.61013E-3
-8.28805E-3
-9.25430E-3
-8.93222E-3
-8.28805E-3
-7.64388E-3
-7.96597E-3
-8.28805E-3
-8.28805E-3
-7.32180E-3
-7.64388E-3
-7.96597E-3
-7.32180E-3
-8.61013E-3
-8.28805E-3
-8.61013E-3
-9.57638E-3
-8.61013E-3
-8.28805E-3
-8.93222E-3
-9.25430E-3
-7.96597E-3
-9.57638E-3
-8.61013E-3
-8.28805E-3
-8.61013E-3
-8.28805E-3
-7.96597E-3
-6.03347E-3
-4.74513E-3
-6.35555E-3
-1.21530E-2
-1.92389E-2
-2.47143E-2
-2.72910E-2
-2.92235E-2
-2.95455E-2
-3.01897E-2
-3.14780E-2
-3.18001E-2
-3.24443E-2
-3.30885E-2
-3.30885E-2
-3.30885E-2
-3.63093E-2
-4.01743E-2
-3.72755E-2
-3.34105E-2
-3.34105E-2
-3.40547E-2
-3.46989E-2
-3.59872E-2
-3.53430E-2
-3.46989E-2
-3.59872E-2
-3.56651E-2
-3.56651E-2
-3.56651E-2
-3.56651E-2
-3.56651E-2
-3.56651E-2
-3.56651E-2
-3.50210E-2
-3.59872E-2
-3.56651E-2
-3.53430E-2
-3.56651E-2
-3.50210E-2
-3.50210E-2
-3.56651E-2
-3.53430E-2
-3.59872E-2
-3.53430E-2
-3.63093E-2
-3.53430E-2
-3.56651E-2
-3.66314E-2
-3.56651E-2
-3.59872E-2
-3.53430E-2
-3.53430E-2
-3.53430E-2
-3.53430E-2
-3.53430E-2
-3.46989E-2
-3.56651E-2
-3.46989E-2
-3.43768E-2
-3.53430E-2
-3.53430E-2
-3.53430E-2
-3.46989E-2
-3.53430E-2
-3.56651E-2
-3.21222E-2
-3.11560E-2
-3.46989E-2
-3.75976E-2
-3.75976E-2
-3.72755E-2
-3.50210E-2
-3.53430E-2
-3.66314E-2
-3.66314E-2
-3.59872E-2
-3.50210E-2
-3.53430E-2
-3.63093E-2
-3.59872E-2
-3.56651E-2
-3.50210E-2
-3.59872E-2
-3.53430E-2
-3.46989E-2
-3.56651E-2
-3.50210E-2
-3.56651E-2
-3.53430E-2
-3.56651E-2
-3.50210E-2
-3.53430E-2
-3.56651E-2
-3.56651E-2
-3.59872E-2
-3.53430E-2
-3.50210E-2
-3.05118E-2
-3.59872E-2
-3.56651E-2
-3.27664E-2
-2.66468E-2
-2.05272E-2
-1.53739E-2
-1.34414E-2
-1.27972E-2
-1.24751E-2
-1.21530E-2
-1.08647E-2
-9.57638E-3
-9.57638E-3
-9.25430E-3
-8.93222E-3
-9.25430E-3
-8.28805E-3
-1.02205E-2
-1.24751E-2
-1.05426E-2
-7.96597E-3
-6.35555E-3
-6.35555E-3
-7.32180E-3
-9.25430E-3
-8.28805E-3
-8.93222E-3
-8.28805E-3
-8.28805E-3
-8.93222E-3
-7.64388E-3
-7.64388E-3
-7.64388E-3
-7.32180E-3
-7.64388E-3
-8.28805E-3
-7.96597E-3
-7.32180E-3
-7.64388E-3
-7.32180E-3
-7.32180E-3
-7.96597E-3
-2.40701E-2
-8.49439E-2
-1.55158E-1
-2.12489E-1
-2.53715E-1
-2.86246E-1
-3.10724E-1
-3.29405E-1
-3.41966E-1
-3.52595E-1
-3.61613E-1
-3.70632E-1
-3.75141E-1
-3.78684E-1
-3.83193E-1
-3.88346E-1
-3.90279E-1
-3.93178E-1
-3.93500E-1
-3.93178E-1
-3.95110E-1
-3.96076E-1
-3.95754E-1
-3.95754E-1
-3.97365E-1
-3.93178E-1
-3.94466E-1
-3.97687E-1
-4.00585E-1
-3.98331E-1
-3.97365E-1
-3.94788E-1
-3.96398E-1
-3.97043E-1
-3.97687E-1
-3.96398E-1
-3.95110E-1
-3.97043E-1
-3.99297E-1
-4.00585E-1
-4.00263E-1
-4.00263E-1
-4.00263E-1
-4.01230E-1
-4.01874E-1
-4.01230E-1
-3.99619E-1
-3.99297E-1
-3.98009E-1
-3.98653E-1
-3.98653E-1
-4.00585E-1
-4.02518E-1
-4.03162E-1
-4.02518E-1
-4.02196E-1
-4.01230E-1
-4.00263E-1
-3.98653E-1
-3.97687E-1
-3.97043E-1
-3.97043E-1
-3.96398E-1
-3.96720E-1
-3.98009E-1
-3.98009E-1
-3.97365E-1
-3.97365E-1
-3.95754E-1
-3.94144E-1
-3.95110E-1
-3.95432E-1
-3.94788E-1
-3.94788E-1
-3.95754E-1
-3.97365E-1
-3.98653E-1
-3.99619E-1
-3.96720E-1
-3.95432E-1
-3.96720E-1
-3.98653E-1
-3.97365E-1
-3.97365E-1
-3.96398E-1
-3.98009E-1
-3.97687E-1
-3.97365E-1
-3.95110E-1
-3.95110E-1
-3.95432E-1
-3.94466E-1
-3.93500E-1
-3.92855E-1
-3.95110E-1
-3.97043E-1
-3.97687E-1
-3.98009E-1
-3.98331E-1
-3.93822E-1
-3.36813E-1
-2.59513E-1
-1.87366E-1
-1.33256E-1
-9.75051E-2
-7.75359E-2
-6.62630E-2
-5.78889E-2
-4.75822E-2
-3.92080E-2
-3.18001E-2
-2.79351E-2
-2.47143E-2
-2.24597E-2
-2.05272E-2
-1.76285E-2
-1.60180E-2
-1.60180E-2
-1.53739E-2
-1.47297E-2
-1.40855E-2
-1.27972E-2
-1.27972E-2
-1.27972E-2
-1.31193E-2
-9.89847E-3
-6.03347E-3
-1.11868E-2
-1.44076E-2
-1.44076E-2
-1.27972E-2
-1.18310E-2
-1.08647E-2
-1.18310E-2
-1.24751E-2
-1.18310E-2
-1.08647E-2
-1.08647E-2
-1.11868E-2
-1.21530E-2
-1.05426E-2
-1.11868E-2
-1.05426E-2
-1.08647E-2
-1.05426E-2
-1.08647E-2
-1.08647E-2
-1.05426E-2
-1.08647E-2
-1.05426E-2
-1.08647E-2
-1.05426E-2
-1.05426E-2
-1.02205E-2
-9.89847E-3
-9.89847E-3
-1.05426E-2
-1.08647E-2
-9.89847E-3
-1.11868E-2
-1.15089E-2
-1.05426E-2
-1.02205E-2
-1.05426E-2
-1.08647E-2
-9.89847E-3
-1.02205E-2
-1.05426E-2
-1.05426E-2
-9.89847E-3
-1.05426E-2
-1.02205E-2
-1.08647E-2
-9.89847E-3
-9.57638E-3
-1.11868E-2
-1.47297E-2
-1.24751E-2
-8.61013E-3
-7.64388E-3
-8.93222E-3
-9.57638E-3
-1.08647E-2
-9.57638E-3
-8.93222E-3
-9.25430E-3
-9.89847E-3
-9.25430E-3
-9.57638E-3
-1.02205E-2
-9.57638E-3
-9.89847E-3
-9.57638E-3
-9.89847E-3
-9.89847E-3
-1.02205E-2
-9.89847E-3
-8.93222E-3
-9.89847E-3
-9.25430E-3
-9.89847E-3
-9.89847E-3
-9.25430E-3
-9.57638E-3
-9.57638E-3
-9.89847E-3
-9.89847E-3
-9.57638E-3
-9.89847E-3
-9.89847E-3
-9.89847E-3
-9.57638E-3
-9.89847E-3
-1.02205E-2
-8.61013E-3
-9.89847E-3
-9.57638E-3
-9.57638E-3
-9.25430E-3
-8.61013E-3
-9.25430E-3
-8.93222E-3
-8.61013E-3
-9.25430E-3
-9.57638E-3
-6.99972E-3
-4.42305E-3
-9.25430E-3
-1.15089E-2
-1.05426E-2
-1.02205E-2
-9.25430E-3
-8.61013E-3
-1.08647E-2
-1.05426E-2
-9.89847E-3
-8.93222E-3
-8.93222E-3
-9.57638E-3
-9.25430E-3
-1.02205E-2
-9.57638E-3
-9.57638E-3
-8.93222E-3
-9.57638E-3
-9.25430E-3
-9.25430E-3
-8.61013E-3
-8.93222E-3
-9.25430E-3
-8.93222E-3
-9.25430E-3
-9.25430E-3
-8.93222E-3
-8.28805E-3
-9.25430E-3
-8.28805E-3
-8.93222E-3
-8.93222E-3
-9.25430E-3
-8.93222E-3
-9.25430E-3
-9.25430E-3
-9.25430E-3
-8.61013E-3
-8.93222E-3
-8.93222E-3
-9.25430E-3
-8.61013E-3
-9.57638E-3
-9.25430E-3
-8.61013E-3
-9.25430E-3
-9.25430E-3
-9.25430E-3
-1.15089E-2
-1.50518E-2
-1.15089E-2
-8.28805E-3
-6.99972E-3
-6.99972E-3
-9.89847E-3
-9.57638E-3
-9.25430E-3
-8.28805E-3
-9.25430E-3
-9.57638E-3
-9.57638E-3
-9.25430E-3
-8.61013E-3
-8.93222E-3
-9.25430E-3
-8.93222E-3
-7.96597E-3
-8.93222E-3
-9.25430E-3
-9.25430E-3
-9.25430E-3
-7.96597E-3
-8.61013E-3
-8.93222E-3
-9.25430E-3
-8.28805E-3
-8.61013E-3
-8.28805E-3
-8.61013E-3
-7.96597E-3
-8.61013E-3
-8.93222E-3
-8.61013E-3
-8.28805E-3
-8.61013E-3
-8.28805E-3
-8.61013E-3
-8.61013E-3
-8.28805E-3
-8.93222E-3
-8.93222E-3
-8.28805E-3
-9.25430E-3
-8.61013E-3
-8.61013E-3
-8.93222E-3
-8.93222E-3
-9.57638E-3
-6.35555E-3
-2.81263E-3
-7.96597E-3
-1.11868E-2
-1.15089E-2
-1.02205E-2
-8.61013E-3
-8.93222E-3
-9.89847E-3
-9.89847E-3
-9.57638E-3
-9.25430E-3
-8.61013E-3
-9.57638E-3
-8.93222E-3
-8.93222E-3
-8.93222E-3
-8.93222E-3
-8.93222E-3
-9.25430E-3
-8.93222E-3
-8.28805E-3
-9.25430E-3
-7.96597E-3
-9.57638E-3
-9.25430E-3
-9.89847E-3
-8.28805E-3
-8.93222E-3
-9.57638E-3
-9.25430E-3
-9.57638E-3
-9.25430E-3
-9.25430E-3
-1.02205E-2
-9.89847E-3
-9.25430E-3
-8.93222E-3
-9.25430E-3
-9.25430E-3
-9.25430E-3
-8.93222E-3
-8.93222E-3
-9.25430E-3
-9.25430E-3
-9.25430E-3
-8.93222E-3
-9.25430E-3
-9.25430E-3
-8.28805E-3
-1.08647E-2
-1.53739E-2
-1.18310E-2
-7.96597E-3
-7.32180E-3
-7.32180E-3
-9.25430E-3
-9.57638E-3
-9.25430E-3
-8.61013E-3
-8.93222E-3
-8.93222E-3
-8.93222E-3
-9.25430E-3
-7.64388E-3
-8.28805E-3
-8.93222E-3
-8.93222E-3
-8.28805E-3
-8.93222E-3
-8.93222E-3
-8.61013E-3
-8.93222E-3
-8.28805E-3
-8.61013E-3
-9.25430E-3
-8.93222E-3
-8.61013E-3
-9.25430E-3
-8.28805E-3
-8.61013E-3
-8.61013E-3
-8.61013E-3
-8.61013E-3
-8.61013E-3
-8.61013E-3
-8.61013E-3
-8.28805E-3
-8.28805E-3
-9.25430E-3
-8.93222E-3
-8.28805E-3
-9.25430E-3
-8.28805E-3
-7.32180E-3
-8.61013E-3
-9.25430E-3
-9.25430E-3
-9.25430E-3
-9.25430E-3
-7.32180E-3
-3.13472E-3
-7.96597E-3
-1.11868E-2
-1.08647E-2
-1.05426E-2
-8.93222E-3
-9.25430E-3
-9.89847E-3
-1.05426E-2
-9.57638E-3
-9.89847E-3
