6.83451E+9
4.61540E+8
-3.82124E-1
0.00000E+0
0.00000E+0
0.00000E+0
5.00000E-7
-1.11868E-2
-7.96597E-3
-7.32180E-3
-8.28805E-3
-8.28805E-3
-8.93222E-3
-7.96597E-3
-7.32180E-3
-7.64388E-3
-7.32180E-3
-7.64388E-3
-7.64388E-3
-7.32180E-3
-6.99972E-3
-7.96597E-3
-7.64388E-3
-7.96597E-3
-7.32180E-3
-7.64388E-3
-7.32180E-3
-7.96597E-3
-7.96597E-3
-6.99972E-3
-7.32180E-3
-7.32180E-3
-7.32180E-3
-6.99972E-3
-7.32180E-3
-7.64388E-3
-6.35555E-3
-7.32180E-3
-6.67763E-3
-5.38930E-3
-3.77888E-3
-5.38930E-3
-1.24751E-2
-1.95610E-2
-2.47143E-2
-2.79351E-2
-2.82572E-2
-3.01897E-2
-3.08339E-2
-3.18001E-2
-3.24443E-2
-3.40547E-2
-3.43768E-2
-3.43768E-2
-3.46989E-2
-3.53430E-2
-3.46989E-2
-3.53430E-2
-3.56651E-2
-3.59872E-2
-3.69535E-2
-3.63093E-2
-3.66314E-2
-3.63093E-2
-3.66314E-2
-3.69535E-2
-3.63093E-2
-3.75976E-2
-3.66314E-2
-3.69535E-2
-3.63093E-2
-3.72755E-2
-3.63093E-2
-3.72755E-2
-3.72755E-2
-3.66314E-2
-3.63093E-2
-3.63093E-2
-3.69535E-2
-3.63093E-2
-3.63093E-2
-3.66314E-2
-3.66314E-2
-3.63093E-2
-3.66314E-2
-3.69535E-2
-3.66314E-2
-3.69535E-2
-3.66314E-2
-3.63093E-2
-3.72755E-2
-3.69535E-2
-3.72755E-2
-3.69535E-2
-3.69535E-2
-3.56651E-2
-3.63093E-2
-3.63093E-2
-3.66314E-2
-3.66314E-2
-3.66314E-2
-3.69535E-2
-3.63093E-2
-3.66314E-2
-3.63093E-2
-3.59872E-2
-3.72755E-2
-3.72755E-2
-3.69535E-2
-3.59872E-2
-3.56651E-2
-3.59872E-2
-3.59872E-2
-3.66314E-2
-3.56651E-2
-3.63093E-2
-3.59872E-2
-3.59872E-2
-3.66314E-2
-3.63093E-2
-3.63093E-2
-3.59872E-2
-3.66314E-2
-3.63093E-2
-3.66314E-2
-3.63093E-2
-3.66314E-2
-3.59872E-2
-3.56651E-2
-3.56651E-2
-3.63093E-2
-3.59872E-2
-3.56651E-2
-3.59872E-2
-3.53430E-2
-3.56651E-2
-3.63093E-2
-3.18001E-2
-3.56651E-2
-3.59872E-2
-3.40547E-2
-2.69689E-2
-1.95610E-2
-1.50518E-2
-1.31193E-2
-1.18310E-2
-1.11868E-2
-1.11868E-2
-8.93222E-3
-8.93222E-3
-7.96597E-3
-8.28805E-3
-8.28805E-3
-7.32180E-3
-6.99972E-3
-6.99972E-3
-7.64388E-3
-7.96597E-3
-6.99972E-3
-6.67763E-3
-7.32180E-3
-7.32180E-3
-6.99972E-3
-7.32180E-3
-7.32180E-3
-6.99972E-3
-6.67763E-3
-7.32180E-3
-6.03347E-3
-6.35555E-3
-6.99972E-3
-6.35555E-3
-5.71138E-3
-6.67763E-3
-7.64388E-3
-6.67763E-3
-6.67763E-3
-6.67763E-3
-6.03347E-3
-6.35555E-3
-2.37480E-2
-8.52659E-2
-1.56768E-1
-2.13455E-1
-2.55970E-1
-2.90433E-1
-3.16200E-1
-3.36169E-1
-3.49374E-1
-3.60003E-1
-3.68377E-1
-3.75785E-1
-3.81583E-1
-3.84481E-1
-3.86092E-1
-3.88990E-1
-3.92211E-1
-3.94466E-1
-3.96720E-1
-3.98653E-1
-3.96076E-1
-3.95754E-1
-3.95110E-1
-3.95754E-1
-3.96720E-1
-3.96720E-1
-3.96720E-1
-3.98653E-1
-3.99297E-1
-4.01230E-1
-4.00908E-1
-4.01874E-1
-4.03162E-1
-4.01874E-1
-4.01230E-1
-4.02196E-1
-4.02518E-1
-4.02518E-1
-4.01874E-1
-4.02196E-1
-4.01552E-1
-4.01552E-1
-4.01230E-1
-4.00908E-1
-4.01230E-1
-4.00908E-1
-3.99619E-1
-3.99941E-1
-3.99297E-1
-4.01230E-1
-4.02518E-1
-4.02840E-1
-4.02518E-1
-4.02196E-1
-4.01874E-1
-4.01874E-1
-4.01552E-1
-4.00908E-1
-4.00263E-1
-3.98975E-1
-4.00263E-1
-4.00908E-1
-4.02196E-1
-4.02196E-1
-4.00263E-1
-3.98331E-1
-3.98331E-1
-3.98653E-1
-4.00585E-1
-4.01552E-1
-4.01552E-1
-4.01552E-1
-4.01552E-1
-4.01552E-1
-4.01552E-1
-4.00908E-1
-3.99941E-1
-3.99941E-1
-3.99297E-1
-3.98653E-1
-3.99297E-1
-3.98975E-1
-3.99941E-1
-3.98975E-1
-3.98975E-1
-3.99941E-1
-4.00263E-1
-4.00908E-1
-3.99297E-1
-3.98653E-1
-3.99619E-1
-3.99619E-1
-3.99297E-1
-3.98653E-1
-3.98009E-1
-3.98009E-1
-3.98653E-1
-3.99619E-1
-4.00585E-1
-3.94788E-1
-3.37135E-1
-2.59513E-1
-1.87366E-1
-1.32290E-1
-9.65389E-2
-7.78580E-2
-6.56189E-2
-5.69226E-2
-4.59718E-2
-3.72755E-2
-3.08339E-2
-2.63247E-2
-2.27818E-2
-2.14935E-2
-1.92389E-2
-1.76285E-2
-1.63401E-2
-1.47297E-2
-1.34414E-2
-1.31193E-2
-1.21530E-2
-1.24751E-2
-1.24751E-2
-1.18310E-2
-1.15089E-2
-1.18310E-2
-1.18310E-2
-1.15089E-2
-1.08647E-2
-1.15089E-2
-1.11868E-2
-1.08647E-2
-1.05426E-2
-1.02205E-2
-1.08647E-2
-1.05426E-2
-1.08647E-2
-9.89847E-3
-1.05426E-2
-1.05426E-2
-1.02205E-2
-1.05426E-2
-1.05426E-2
-9.89847E-3
-9.89847E-3
-9.89847E-3
-9.25430E-3
-9.57638E-3
-1.02205E-2
-9.25430E-3
-9.57638E-3
-8.93222E-3
-9.25430E-3
-9.57638E-3
-9.25430E-3
-9.89847E-3
-1.08647E-2
-9.57638E-3
-9.89847E-3
-9.25430E-3
-9.89847E-3
-8.93222E-3
-8.93222E-3
-9.25430E-3
-9.25430E-3
-9.89847E-3
-9.89847E-3
-9.89847E-3
-9.25430E-3
-9.25430E-3
-9.89847E-3
-9.57638E-3
-9.25430E-3
-9.25430E-3
-8.93222E-3
-8.61013E-3
-8.28805E-3
-8.61013E-3
-8.61013E-3
-8.93222E-3
-8.61013E-3
-8.93222E-3
-8.28805E-3
-8.61013E-3
-9.25430E-3
-9.25430E-3
-8.93222E-3
-9.25430E-3
-8.61013E-3
-8.93222E-3
-9.25430E-3
-9.25430E-3
-8.61013E-3
-8.61013E-3
-8.28805E-3
-7.96597E-3
-8.61013E-3
-8.61013E-3
-9.25430E-3
-8.28805E-3
-9.25430E-3
-8.28805E-3
-8.28805E-3
-8.28805E-3
-7.96597E-3
-7.96597E-3
-8.61013E-3
-7.64388E-3
-8.28805E-3
-8.61013E-3
-9.25430E-3
-8.93222E-3
-8.61013E-3
-8.28805E-3
-8.61013E-3
-8.61013E-3
-9.25430E-3
-7.96597E-3
-8.28805E-3
-8.28805E-3
-8.28805E-3
-8.61013E-3
-9.25430E-3
-8.28805E-3
-8.61013E-3
-8.61013E-3
-8.61013E-3
-8.61013E-3
-8.61013E-3
-8.61013E-3
-7.96597E-3
-7.96597E-3
-7.96597E-3
-8.61013E-3
-8.61013E-3
-8.28805E-3
-8.61013E-3
-8.61013E-3
-8.28805E-3
-8.28805E-3
-8.93222E-3
-8.28805E-3
-7.96597E-3
-8.28805E-3
-8.61013E-3
-8.28805E-3
-8.28805E-3
-8.28805E-3
-8.28805E-3
-8.61013E-3
-8.61013E-3
-8.61013E-3
-7.96597E-3
-7.96597E-3
-7.96597E-3
-8.28805E-3
-8.28805E-3
-7.64388E-3
-7.96597E-3
-7.96597E-3
-8.28805E-3
-8.28805E-3
-8.93222E-3
-8.28805E-3
-8.28805E-3
-8.28805E-3
-7.64388E-3
-8.61013E-3
-9.25430E-3
-9.25430E-3
-8.28805E-3
-8.28805E-3
-7.64388E-3
-8.61013E-3
-7.96597E-3
-8.28805E-3
-7.32180E-3
-7.64388E-3
-7.64388E-3
-8.28805E-3
-7.64388E-3
-7.64388E-3
-8.28805E-3
-8.61013E-3
-8.28805E-3
-8.28805E-3
-8.93222E-3
-8.28805E-3
-8.28805E-3
-8.28805E-3
-8.28805E-3
-8.28805E-3
-8.28805E-3
-8.61013E-3
-7.96597E-3
-8.28805E-3
-8.61013E-3
-8.61013E-3
-8.93222E-3
-9.25430E-3
-7.96597E-3
-9.25430E-3
-8.93222E-3
-9.25430E-3
-9.25430E-3
-8.61013E-3
-7.32180E-3
-8.28805E-3
-8.93222E-3
-7.96597E-3
-8.61013E-3
-8.93222E-3
-8.93222E-3
-7.96597E-3
-8.61013E-3
-8.93222E-3
-8.61013E-3
-8.93222E-3
-7.96597E-3
-8.28805E-3
-7.96597E-3
-8.28805E-3
-7.32180E-3
-8.61013E-3
-8.61013E-3
-8.28805E-3
-8.61013E-3
-8.28805E-3
-8.61013E-3
-7.96597E-3
-8.28805E-3
-7.96597E-3
-8.61013E-3
-7.96597E-3
-8.28805E-3
-7.96597E-3
-8.93222E-3
-8.28805E-3
-7.64388E-3
-8.28805E-3
-8.93222E-3
-8.61013E-3
-9.25430E-3
-8.61013E-3
-8.28805E-3
-7.96597E-3
-8.61013E-3
-7.96597E-3
-8.61013E-3
-8.61013E-3
-8.28805E-3
-8.28805E-3
-7.64388E-3
-7.64388E-3
-8.61013E-3
-7.96597E-3
-7.96597E-3
-8.28805E-3
-7.96597E-3
-7.32180E-3
-7.96597E-3
-7.96597E-3
-7.96597E-3
-7.64388E-3
-8.28805E-3
-7.96597E-3
-8.61013E-3
-8.28805E-3
-8.61013E-3
-8.93222E-3
-8.28805E-3
-8.28805E-3
-7.64388E-3
-8.93222E-3
-8.28805E-3
-8.61013E-3
-8.61013E-3
-8.28805E-3
-8.61013E-3
-7.64388E-3
-8.61013E-3
-8.28805E-3
-8.61013E-3
-8.28805E-3
-8.61013E-3
-7.96597E-3
-8.28805E-3
-8.61013E-3
-8.93222E-3
-8.28805E-3
-8.28805E-3
-8.28805E-3
-7.64388E-3
-7.96597E-3
-7.32180E-3
-7.96597E-3
-8.28805E-3
-7.32180E-3
-9.25430E-3
-8.61013E-3
-7.96597E-3
-8.61013E-3
-9.25430E-3
-8.93222E-3
-8.28805E-3
-8.61013E-3
-8.28805E-3
-7.96597E-3
-8.28805E-3
-8.61013E-3
-7.96597E-3
-8.61013E-3
-8.28805E-3
-8.61013E-3
-8.61013E-3
-8.61013E-3
-7.96597E-3
-9.25430E-3
-8.93222E-3
-8.93222E-3
-8.61013E-3
-8.61013E-3
-8.28805E-3
-8.61013E-3
-8.61013E-3
-8.93222E-3
-8.61013E-3
-8.93222E-3
-9.25430E-3
-8.93222E-3
-8.93222E-3
-8.61013E-3
-8.28805E-3
-8.61013E-3
-7.96597E-3
-8.28805E-3
-8.61013E-3
