6.83472E+9
4.61750E+8
-3.89661E-1
0.00000E+0
0.00000E+0
0.00000E+0
5.00000E-7
-1.18310E-2
-8.93222E-3
-8.93222E-3
-8.61013E-3
-8.28805E-3
-8.61013E-3
-8.28805E-3
-8.28805E-3
-8.28805E-3
-8.28805E-3
-8.61013E-3
-8.61013E-3
-7.32180E-3
-7.32180E-3
-7.96597E-3
-7.64388E-3
-7.64388E-3
-7.64388E-3
-6.99972E-3
-7.96597E-3
-8.28805E-3
-6.99972E-3
-6.99972E-3
-8.28805E-3
-7.64388E-3
-7.64388E-3
-7.96597E-3
-7.32180E-3
-7.64388E-3
-7.64388E-3
-8.61013E-3
-6.67763E-3
-5.06722E-3
-3.77888E-3
-6.03347E-3
-1.05426E-2
-1.85947E-2
-1.89168E-2
-2.02051E-2
-2.24597E-2
-2.34260E-2
-2.47143E-2
-2.50364E-2
-2.63247E-2
-2.69689E-2
-2.76130E-2
-2.76130E-2
-2.85793E-2
-2.79351E-2
-2.95455E-2
-2.89014E-2
-2.89014E-2
-2.89014E-2
-2.92235E-2
-2.95455E-2
-2.95455E-2
-2.95455E-2
-2.92235E-2
-2.95455E-2
-3.05118E-2
-2.98676E-2
-3.05118E-2
-3.01897E-2
-3.05118E-2
-2.98676E-2
-3.01897E-2
-3.08339E-2
-3.05118E-2
-2.98676E-2
-3.01897E-2
-3.05118E-2
-3.05118E-2
-2.98676E-2
-3.08339E-2
-2.98676E-2
-2.98676E-2
-3.05118E-2
-3.01897E-2
-2.98676E-2
-3.05118E-2
-3.11560E-2
-3.08339E-2
-3.18001E-2
-3.05118E-2
-3.01897E-2
-3.08339E-2
-3.08339E-2
-3.18001E-2
-3.21222E-2
-3.01897E-2
-3.11560E-2
-3.01897E-2
-3.08339E-2
-2.98676E-2
-3.11560E-2
-3.05118E-2
-3.08339E-2
-3.05118E-2
-3.08339E-2
-2.98676E-2
-3.01897E-2
-3.01897E-2
-3.01897E-2
-2.95455E-2
-2.98676E-2
-3.01897E-2
-3.01897E-2
-2.95455E-2
-3.01897E-2
-3.01897E-2
-2.98676E-2
-2.95455E-2
-2.98676E-2
-2.98676E-2
-3.01897E-2
-2.95455E-2
-2.92235E-2
-2.92235E-2
-2.92235E-2
-2.92235E-2
-2.92235E-2
-2.92235E-2
-2.98676E-2
-2.98676E-2
-3.05118E-2
-3.01897E-2
-3.05118E-2
-2.98676E-2
-2.95455E-2
-3.05118E-2
-2.53585E-2
-2.98676E-2
-3.01897E-2
-2.82572E-2
-2.31039E-2
-1.79505E-2
-1.79505E-2
-1.08647E-2
-8.28805E-3
-1.05426E-2
-1.08647E-2
-9.25430E-3
-8.28805E-3
-7.64388E-3
-7.64388E-3
-7.96597E-3
-7.32180E-3
-6.99972E-3
-7.32180E-3
-7.64388E-3
-7.32180E-3
-6.67763E-3
-7.32180E-3
-6.99972E-3
-7.32180E-3
-7.64388E-3
-7.32180E-3
-6.67763E-3
-7.96597E-3
-7.32180E-3
-8.28805E-3
-7.32180E-3
-6.99972E-3
-6.99972E-3
-7.96597E-3
-7.64388E-3
-7.32180E-3
-7.64388E-3
-6.99972E-3
-6.99972E-3
-7.64388E-3
-6.67763E-3
-7.64388E-3
-2.37480E-2
-8.65543E-2
-1.58057E-1
-2.16998E-1
-2.61445E-1
-2.93654E-1
-3.18454E-1
-3.38423E-1
-3.53883E-1
-3.65800E-1
-3.74175E-1
-3.81260E-1
-3.87380E-1
-3.88024E-1
-3.98653E-1
-3.98975E-1
-3.98331E-1
-4.00585E-1
-4.00585E-1
-4.02518E-1
-4.02840E-1
-4.04450E-1
-4.03484E-1
-4.03806E-1
-4.05417E-1
-4.07027E-1
-4.06383E-1
-4.07349E-1
-4.07993E-1
-4.08960E-1
-4.09604E-1
-4.08638E-1
-4.09282E-1
-4.09282E-1
-4.09282E-1
-4.09282E-1
-4.08315E-1
-4.07671E-1
-4.07671E-1
-4.08638E-1
-4.10570E-1
-4.10570E-1
-4.10570E-1
-4.09604E-1
-4.09282E-1
-4.09926E-1
-4.09604E-1
-4.11858E-1
-4.10570E-1
-4.10248E-1
-4.09282E-1
-4.06383E-1
-4.05417E-1
-4.05739E-1
-4.05739E-1
-4.07671E-1
-4.08638E-1
-4.09604E-1
-4.09604E-1
-4.08315E-1
-4.07349E-1
-4.06705E-1
-4.09282E-1
-4.15723E-1
-4.08960E-1
-4.08960E-1
-4.09926E-1
-4.10570E-1
-4.10570E-1
-4.09282E-1
-4.08315E-1
-4.07349E-1
-4.05095E-1
-4.04450E-1
-4.05095E-1
-4.06061E-1
-4.07027E-1
-4.08315E-1
-4.07671E-1
-4.07671E-1
-4.07671E-1
-4.06705E-1
-4.05417E-1
-4.05739E-1
-4.05417E-1
-4.05739E-1
-4.06061E-1
-4.06383E-1
-4.06383E-1
-4.06383E-1
-4.07027E-1
-4.06705E-1
-4.06061E-1
-4.06383E-1
-4.05417E-1
-4.05417E-1
-4.05739E-1
-4.07993E-1
-4.07671E-1
-4.02518E-1
-3.44543E-1
-2.64666E-1
-1.91231E-1
-1.33901E-1
-9.87934E-2
-7.91464E-2
-6.75514E-2
-5.72447E-2
-4.72601E-2
-3.88860E-2
-3.14780E-2
-2.69689E-2
-2.37480E-2
-2.11714E-2
-2.11714E-2
-1.98830E-2
-1.56960E-2
-1.60180E-2
-1.40855E-2
-1.40855E-2
-1.24751E-2
-1.24751E-2
-1.24751E-2
-1.21530E-2
-1.21530E-2
-1.21530E-2
-1.15089E-2
-1.11868E-2
-1.08647E-2
-1.11868E-2
-1.15089E-2
-1.08647E-2
-1.08647E-2
-1.02205E-2
-1.02205E-2
-9.89847E-3
-1.05426E-2
-1.08647E-2
-1.08647E-2
-1.08647E-2
-1.08647E-2
-1.11868E-2
-1.05426E-2
-1.05426E-2
-1.05426E-2
-1.05426E-2
-1.02205E-2
-9.57638E-3
-1.02205E-2
-9.89847E-3
-9.25430E-3
-9.25430E-3
-1.02205E-2
-9.89847E-3
-1.02205E-2
-9.89847E-3
-1.02205E-2
-9.25430E-3
-9.89847E-3
-9.25430E-3
-9.25430E-3
-8.28805E-3
-9.25430E-3
-1.11868E-2
-7.96597E-3
-7.64388E-3
-8.28805E-3
-8.93222E-3
-9.25430E-3
-9.25430E-3
-9.25430E-3
-8.61013E-3
-8.61013E-3
-8.61013E-3
-8.28805E-3
-7.96597E-3
-8.28805E-3
-7.96597E-3
-8.93222E-3
-9.25430E-3
-9.25430E-3
-8.93222E-3
-8.61013E-3
-8.61013E-3
-8.61013E-3
-8.61013E-3
-9.57638E-3
-9.57638E-3
-9.25430E-3
-8.93222E-3
-8.61013E-3
-8.61013E-3
-8.28805E-3
-8.28805E-3
-8.28805E-3
-8.28805E-3
-7.32180E-3
-7.64388E-3
-7.32180E-3
-8.28805E-3
-8.61013E-3
-8.28805E-3
-8.28805E-3
-8.28805E-3
-8.61013E-3
-8.61013E-3
-7.96597E-3
-7.64388E-3
-8.28805E-3
-7.96597E-3
-6.67763E-3
-7.64388E-3
-7.64388E-3
-7.64388E-3
-8.93222E-3
-9.25430E-3
-8.28805E-3
-8.28805E-3
-7.64388E-3
-8.61013E-3
-6.99972E-3
-7.96597E-3
-7.96597E-3
-8.28805E-3
-6.99972E-3
-8.28805E-3
-8.28805E-3
-7.32180E-3
-7.32180E-3
-7.64388E-3
-7.96597E-3
-7.96597E-3
-8.93222E-3
-9.25430E-3
-8.61013E-3
-8.61013E-3
-8.28805E-3
-7.96597E-3
-8.93222E-3
-8.61013E-3
-7.64388E-3
-8.61013E-3
-7.96597E-3
-8.28805E-3
-8.93222E-3
-8.28805E-3
-7.96597E-3
-8.28805E-3
-8.61013E-3
-7.32180E-3
-7.64388E-3
-7.32180E-3
-8.28805E-3
-7.96597E-3
-7.32180E-3
-7.64388E-3
-7.64388E-3
-7.64388E-3
-6.99972E-3
-7.64388E-3
-7.64388E-3
-7.32180E-3
-6.99972E-3
-1.02205E-2
-5.06722E-3
-4.10097E-3
-6.03347E-3
-7.64388E-3
-7.32180E-3
-6.67763E-3
-7.32180E-3
-7.64388E-3
-7.32180E-3
-7.32180E-3
-7.64388E-3
-7.64388E-3
-7.32180E-3
-7.32180E-3
-7.64388E-3
-7.32180E-3
-6.99972E-3
-7.32180E-3
-7.64388E-3
-7.32180E-3
-7.96597E-3
-8.28805E-3
-7.64388E-3
-8.28805E-3
-8.61013E-3
-8.61013E-3
-7.64388E-3
-8.61013E-3
-8.61013E-3
-8.61013E-3
-7.96597E-3
-7.96597E-3
-7.96597E-3
-7.64388E-3
-7.32180E-3
-7.32180E-3
-8.28805E-3
-7.64388E-3
-7.64388E-3
-7.96597E-3
-7.64388E-3
-8.28805E-3
-7.32180E-3
-7.96597E-3
-7.64388E-3
-6.99972E-3
-7.32180E-3
-7.64388E-3
-7.32180E-3
-6.99972E-3
-8.93222E-3
-9.25430E-3
-7.96597E-3
-7.96597E-3
-8.28805E-3
-7.96597E-3
-7.32180E-3
-7.64388E-3
-7.64388E-3
-7.96597E-3
-7.32180E-3
-7.32180E-3
-7.64388E-3
-7.64388E-3
-7.32180E-3
-7.96597E-3
-7.96597E-3
-7.32180E-3
-7.96597E-3
-7.64388E-3
-7.64388E-3
-8.28805E-3
-8.61013E-3
-8.61013E-3
-6.99972E-3
-7.96597E-3
-7.64388E-3
-7.96597E-3
-7.64388E-3
-7.32180E-3
-7.64388E-3
-7.96597E-3
-7.32180E-3
-6.99972E-3
-7.96597E-3
-7.64388E-3
-7.96597E-3
-7.96597E-3
-7.32180E-3
-6.99972E-3
-7.32180E-3
-6.99972E-3
-7.64388E-3
-7.32180E-3
-6.67763E-3
-7.32180E-3
-6.99972E-3
-7.32180E-3
-7.32180E-3
-1.11868E-2
-6.35555E-3
-5.06722E-3
-7.64388E-3
-7.96597E-3
-7.96597E-3
-6.99972E-3
-7.96597E-3
-7.64388E-3
-7.32180E-3
-7.64388E-3
-7.64388E-3
-6.99972E-3
-7.96597E-3
-7.96597E-3
-8.28805E-3
-8.61013E-3
-8.28805E-3
-7.96597E-3
-8.28805E-3
-7.96597E-3
-7.64388E-3
-8.28805E-3
-7.32180E-3
-7.64388E-3
-7.64388E-3
-8.28805E-3
-7.96597E-3
-7.32180E-3
-7.96597E-3
-7.64388E-3
-7.64388E-3
-7.96597E-3
-6.99972E-3
-7.64388E-3
-7.64388E-3
-6.99972E-3
-6.99972E-3
-7.64388E-3
-7.32180E-3
-6.99972E-3
-7.64388E-3
-6.99972E-3
-7.32180E-3
-7.32180E-3
-6.99972E-3
-7.64388E-3
-7.32180E-3
-7.32180E-3
-7.32180E-3
-6.03347E-3
-7.96597E-3
-8.93222E-3
-7.64388E-3
-7.96597E-3
-7.64388E-3
-7.96597E-3
-7.32180E-3
-7.64388E-3
-7.32180E-3
-7.32180E-3
-7.96597E-3
-6.99972E-3
-7.32180E-3
-7.32180E-3
-7.32180E-3
-8.28805E-3
-7.96597E-3
-7.32180E-3
-7.96597E-3
-7.64388E-3
-8.28805E-3
-7.96597E-3
-7.64388E-3
