6.83423E+9
4.61260E+8
-3.90086E-1
0.00000E+0
0.00000E+0
0.00000E+0
5.00000E-7
-1.18310E-2
-8.28805E-3
-7.96597E-3
-8.61013E-3
-7.96597E-3
-8.93222E-3
-8.28805E-3
-8.61013E-3
-7.96597E-3
-8.28805E-3
-8.61013E-3
-7.96597E-3
-8.28805E-3
-8.93222E-3
-8.61013E-3
-8.61013E-3
-8.61013E-3
-8.28805E-3
-8.61013E-3
-8.28805E-3
-9.25430E-3
-7.96597E-3
-8.28805E-3
-7.64388E-3
-8.28805E-3
-7.96597E-3
-8.28805E-3
-8.28805E-3
-8.61013E-3
-8.93222E-3
-8.61013E-3
-7.96597E-3
-5.06722E-3
-5.38930E-3
-9.57638E-3
-2.02051E-2
-3.14780E-2
-3.95301E-2
-4.46835E-2
-4.69380E-2
-4.82264E-2
-5.01589E-2
-5.17693E-2
-5.33797E-2
-5.40239E-2
-5.49901E-2
-5.56343E-2
-5.62785E-2
-5.66005E-2
-5.78889E-2
-5.88551E-2
-5.75668E-2
-5.78889E-2
-5.75668E-2
-5.72447E-2
-5.82110E-2
-5.72447E-2
-5.75668E-2
-5.72447E-2
-5.82110E-2
-5.85330E-2
-5.82110E-2
-5.91772E-2
-5.91772E-2
-5.91772E-2
-5.88551E-2
-5.82110E-2
-5.85330E-2
-5.82110E-2
-5.75668E-2
-5.75668E-2
-5.82110E-2
-5.75668E-2
-5.82110E-2
-5.82110E-2
-5.88551E-2
-5.85330E-2
-5.85330E-2
-5.85330E-2
-5.85330E-2
-5.88551E-2
-5.82110E-2
-5.78889E-2
-5.82110E-2
-5.85330E-2
-5.78889E-2
-5.75668E-2
-5.82110E-2
-5.78889E-2
-5.82110E-2
-5.82110E-2
-5.72447E-2
-5.72447E-2
-5.72447E-2
-5.72447E-2
-5.72447E-2
-5.82110E-2
-5.78889E-2
-5.78889E-2
-5.72447E-2
-5.78889E-2
-5.72447E-2
-5.72447E-2
-5.66005E-2
-5.62785E-2
-5.69226E-2
-5.72447E-2
-5.75668E-2
-5.62785E-2
-5.69226E-2
-5.66005E-2
-5.62785E-2
-5.59564E-2
-5.59564E-2
-5.56343E-2
-5.49901E-2
-5.49901E-2
-5.49901E-2
-5.53122E-2
-5.56343E-2
-5.49901E-2
-5.49901E-2
-5.49901E-2
-5.53122E-2
-5.56343E-2
-5.59564E-2
-5.53122E-2
-5.53122E-2
-5.49901E-2
-5.46680E-2
-5.08030E-2
-5.53122E-2
-5.53122E-2
-5.04810E-2
-4.01743E-2
-2.92235E-2
-2.08493E-2
-1.73064E-2
-1.60180E-2
-1.47297E-2
-1.47297E-2
-1.27972E-2
-1.08647E-2
-9.89847E-3
-9.57638E-3
-8.93222E-3
-8.93222E-3
-8.61013E-3
-9.25430E-3
-9.25430E-3
-8.28805E-3
-9.25430E-3
-8.28805E-3
-8.28805E-3
-7.96597E-3
-8.28805E-3
-7.96597E-3
-7.32180E-3
-7.96597E-3
-8.28805E-3
-8.93222E-3
-7.96597E-3
-7.96597E-3
-7.96597E-3
-7.64388E-3
-6.99972E-3
-7.96597E-3
-7.64388E-3
-7.64388E-3
-7.96597E-3
-7.96597E-3
-7.32180E-3
-7.96597E-3
-2.69689E-2
-9.17076E-2
-1.63210E-1
-2.21507E-1
-2.62734E-1
-2.93332E-1
-3.18776E-1
-3.39390E-1
-3.53239E-1
-3.64190E-1
-3.72564E-1
-3.80294E-1
-3.86092E-1
-3.91889E-1
-3.95110E-1
-3.98009E-1
-4.00908E-1
-4.00585E-1
-4.02196E-1
-4.02840E-1
-4.03162E-1
-4.03484E-1
-4.03162E-1
-4.03484E-1
-4.04773E-1
-4.04450E-1
-4.05739E-1
-4.08315E-1
-4.08960E-1
-4.09282E-1
-4.07993E-1
-4.08315E-1
-4.08960E-1
-4.09926E-1
-4.09604E-1
-4.10248E-1
-4.08960E-1
-4.06061E-1
-4.06383E-1
-4.07027E-1
-4.07993E-1
-4.07349E-1
-4.07993E-1
-4.08638E-1
-4.08315E-1
-4.07671E-1
-4.07027E-1
-4.06705E-1
-4.07349E-1
-4.08315E-1
-4.08638E-1
-4.09604E-1
-4.11214E-1
-4.11858E-1
-4.12503E-1
-4.11214E-1
-4.10248E-1
-4.09926E-1
-4.08960E-1
-4.09604E-1
-4.08960E-1
-4.07993E-1
-4.08960E-1
-4.09282E-1
-4.07671E-1
-4.07671E-1
-4.07027E-1
-4.09926E-1
-4.07993E-1
-4.07027E-1
-4.07027E-1
-4.07671E-1
-4.08960E-1
-4.08960E-1
-4.08638E-1
-4.08960E-1
-4.08960E-1
-4.10248E-1
-4.10892E-1
-4.12180E-1
-4.10248E-1
-4.08638E-1
-4.08638E-1
-4.09604E-1
-4.09282E-1
-4.08960E-1
-4.08960E-1
-4.09926E-1
-4.07671E-1
-4.07027E-1
-4.06061E-1
-4.06383E-1
-4.05417E-1
-4.05417E-1
-4.05417E-1
-4.05739E-1
-4.07027E-1
-4.07671E-1
-4.08638E-1
-4.02840E-1
-3.44865E-1
-2.66277E-1
-1.92520E-1
-1.35833E-1
-1.00082E-1
-7.94684E-2
-6.78734E-2
-5.82110E-2
-4.79043E-2
-3.88860E-2
-3.27664E-2
-2.79351E-2
-2.47143E-2
-2.21376E-2
-1.95610E-2
-1.85947E-2
-1.60180E-2
-1.50518E-2
-1.47297E-2
-1.47297E-2
-1.40855E-2
-1.37635E-2
-1.37635E-2
-1.31193E-2
-1.27972E-2
-1.24751E-2
-1.24751E-2
-1.24751E-2
-1.18310E-2
-1.05426E-2
-1.18310E-2
-1.15089E-2
-1.15089E-2
-1.18310E-2
-1.15089E-2
-1.08647E-2
-1.08647E-2
-1.18310E-2
-1.15089E-2
-1.15089E-2
-1.05426E-2
-1.05426E-2
-1.08647E-2
-1.05426E-2
-1.11868E-2
-1.11868E-2
-1.15089E-2
-1.05426E-2
-1.05426E-2
-1.05426E-2
-1.02205E-2
-1.02205E-2
-1.05426E-2
-9.57638E-3
-1.02205E-2
-1.05426E-2
-1.02205E-2
-1.08647E-2
-1.05426E-2
-1.02205E-2
-1.02205E-2
-9.89847E-3
-9.89847E-3
-9.89847E-3
-9.89847E-3
-9.89847E-3
-9.57638E-3
-9.89847E-3
-9.89847E-3
-9.89847E-3
-9.57638E-3
-9.89847E-3
-1.02205E-2
-9.89847E-3
-9.57638E-3
-9.57638E-3
-9.25430E-3
-9.57638E-3
-1.02205E-2
-9.89847E-3
-9.57638E-3
-9.25430E-3
-9.57638E-3
-9.25430E-3
-8.93222E-3
-9.25430E-3
-8.28805E-3
-8.93222E-3
-9.57638E-3
-9.25430E-3
-9.57638E-3
-9.25430E-3
-9.57638E-3
-9.25430E-3
-8.93222E-3
-9.25430E-3
-9.57638E-3
-8.61013E-3
-9.25430E-3
-8.93222E-3
-7.96597E-3
-8.93222E-3
-8.93222E-3
-8.61013E-3
-8.28805E-3
-8.61013E-3
-8.61013E-3
-9.25430E-3
-9.25430E-3
-9.25430E-3
-8.93222E-3
-9.25430E-3
-8.28805E-3
-8.61013E-3
-8.28805E-3
-9.25430E-3
-8.61013E-3
-9.25430E-3
-9.25430E-3
-8.61013E-3
-8.61013E-3
-9.25430E-3
-8.93222E-3
-8.93222E-3
-8.28805E-3
-8.28805E-3
-8.28805E-3
-8.61013E-3
-8.93222E-3
-9.25430E-3
-7.96597E-3
-8.93222E-3
-7.96597E-3
-8.61013E-3
-8.93222E-3
-8.61013E-3
-9.25430E-3
-8.61013E-3
-8.93222E-3
-8.61013E-3
-8.61013E-3
-8.28805E-3
-7.96597E-3
-8.28805E-3
-8.61013E-3
-7.96597E-3
-8.61013E-3
-8.61013E-3
-8.28805E-3
-8.93222E-3
-8.93222E-3
-8.28805E-3
-9.25430E-3
-9.25430E-3
-9.25430E-3
-9.25430E-3
-7.96597E-3
-8.28805E-3
-8.28805E-3
-8.61013E-3
-8.93222E-3
-8.93222E-3
-8.93222E-3
-8.93222E-3
-8.61013E-3
-8.93222E-3
-8.28805E-3
-8.93222E-3
-9.25430E-3
-8.28805E-3
-9.25430E-3
-8.93222E-3
-8.93222E-3
-8.61013E-3
-8.28805E-3
-8.28805E-3
-8.61013E-3
-8.28805E-3
-8.61013E-3
-8.28805E-3
-9.25430E-3
-9.25430E-3
-8.93222E-3
-9.25430E-3
-8.28805E-3
-9.25430E-3
-8.93222E-3
-8.28805E-3
-8.93222E-3
-8.61013E-3
-8.28805E-3
-7.96597E-3
-7.64388E-3
-8.28805E-3
-8.61013E-3
-7.96597E-3
-8.28805E-3
-8.61013E-3
-7.64388E-3
-7.64388E-3
-7.32180E-3
-7.32180E-3
-7.64388E-3
-8.93222E-3
-6.99972E-3
-7.96597E-3
-7.96597E-3
-8.93222E-3
-7.64388E-3
-7.96597E-3
-8.28805E-3
-8.28805E-3
-7.96597E-3
-7.64388E-3
-7.96597E-3
-7.64388E-3
-7.32180E-3
-7.64388E-3
-7.32180E-3
-7.64388E-3
-7.96597E-3
-7.32180E-3
-8.61013E-3
-7.96597E-3
-7.96597E-3
-7.96597E-3
-7.96597E-3
-7.64388E-3
-8.28805E-3
-8.61013E-3
-7.64388E-3
-8.28805E-3
-7.32180E-3
-8.61013E-3
-8.28805E-3
-9.25430E-3
-8.61013E-3
-8.93222E-3
-8.28805E-3
-8.93222E-3
-8.93222E-3
-8.93222E-3
-8.61013E-3
-8.61013E-3
-8.28805E-3
-7.64388E-3
-8.61013E-3
-8.61013E-3
-8.28805E-3
-8.61013E-3
-8.28805E-3
-8.28805E-3
-7.96597E-3
-8.28805E-3
-7.96597E-3
-7.96597E-3
-8.28805E-3
-7.64388E-3
-7.96597E-3
-7.96597E-3
-8.28805E-3
-7.96597E-3
-7.96597E-3
-7.96597E-3
-7.32180E-3
-7.96597E-3
-8.28805E-3
-7.32180E-3
-7.64388E-3
-7.32180E-3
-7.32180E-3
-7.96597E-3
-7.96597E-3
-7.96597E-3
-8.61013E-3
-8.28805E-3
-7.96597E-3
-7.96597E-3
-7.96597E-3
-7.32180E-3
-7.32180E-3
-8.28805E-3
-8.28805E-3
-7.96597E-3
-8.93222E-3
-8.61013E-3
-8.61013E-3
-7.96597E-3
-8.61013E-3
-8.61013E-3
-8.28805E-3
-7.64388E-3
-7.96597E-3
-8.61013E-3
-8.61013E-3
-8.28805E-3
-9.25430E-3
-8.93222E-3
-8.93222E-3
-7.64388E-3
-8.61013E-3
-8.93222E-3
-7.64388E-3
-8.61013E-3
-8.28805E-3
-8.61013E-3
-8.28805E-3
-8.93222E-3
-8.93222E-3
-9.25430E-3
-8.61013E-3
-8.61013E-3
-8.61013E-3
-7.96597E-3
-8.28805E-3
-8.61013E-3
-7.64388E-3
-7.96597E-3
-8.61013E-3
-8.28805E-3
-8.28805E-3
-7.64388E-3
-7.96597E-3
-8.93222E-3
-7.96597E-3
-7.64388E-3
-8.28805E-3
-7.96597E-3
-8.93222E-3
-8.61013E-3
-8.61013E-3
-9.25430E-3
-9.25430E-3
-8.28805E-3
-8.61013E-3
-8.61013E-3
-8.93222E-3
