6.83508E+9
4.62110E+8
-3.84091E-1
0.00000E+0
0.00000E+0
0.00000E+0
5.00000E-7
-1.21530E-2
-8.28805E-3
-8.61013E-3
-8.61013E-3
-8.28805E-3
-8.28805E-3
-7.96597E-3
-8.93222E-3
-8.61013E-3
-8.93222E-3
-8.28805E-3
-7.64388E-3
-7.96597E-3
-9.25430E-3
-8.61013E-3
-8.28805E-3
-9.25430E-3
-8.93222E-3
-7.64388E-3
-6.67763E-3
-9.89847E-3
-9.57638E-3
-9.25430E-3
-9.89847E-3
-9.57638E-3
-8.61013E-3
-8.28805E-3
-8.93222E-3
-9.57638E-3
-9.57638E-3
-8.93222E-3
-8.28805E-3
-5.71138E-3
-6.03347E-3
-1.27972E-2
-3.01897E-2
-4.72601E-2
-5.85330E-2
-6.36864E-2
-6.72293E-2
-7.04501E-2
-7.30268E-2
-7.56034E-2
-7.75359E-2
-7.91464E-2
-7.97905E-2
-8.04347E-2
-8.17230E-2
-8.14009E-2
-8.17230E-2
-8.20451E-2
-8.30114E-2
-8.33334E-2
-8.33334E-2
-8.36555E-2
-8.26893E-2
-8.36555E-2
-8.42997E-2
-8.36555E-2
-8.46218E-2
-8.42997E-2
-8.46218E-2
-8.39776E-2
-8.46218E-2
-8.39776E-2
-8.42997E-2
-8.49439E-2
-8.46218E-2
-8.71984E-2
-8.71984E-2
-8.23672E-2
-8.33334E-2
-8.42997E-2
-8.26893E-2
-8.30114E-2
-8.30114E-2
-8.39776E-2
-8.36555E-2
-8.30114E-2
-8.30114E-2
-8.36555E-2
-8.36555E-2
-8.23672E-2
-8.30114E-2
-8.30114E-2
-8.30114E-2
-8.30114E-2
-8.30114E-2
-8.30114E-2
-8.36555E-2
-8.30114E-2
-8.26893E-2
-8.26893E-2
-8.17230E-2
-8.23672E-2
-8.23672E-2
-8.20451E-2
-8.14009E-2
-8.14009E-2
-8.14009E-2
-8.17230E-2
-8.14009E-2
-8.07568E-2
-8.07568E-2
-8.14009E-2
-8.04347E-2
-8.10789E-2
-8.04347E-2
-8.07568E-2
-8.04347E-2
-8.07568E-2
-8.01126E-2
-8.04347E-2
-8.04347E-2
-8.14009E-2
-8.04347E-2
-8.01126E-2
-7.91464E-2
-7.88243E-2
-7.81801E-2
-8.07568E-2
-8.04347E-2
-7.91464E-2
-8.04347E-2
-7.94684E-2
-7.88243E-2
-7.81801E-2
-7.85022E-2
-7.81801E-2
-7.81801E-2
-7.33489E-2
-7.88243E-2
-7.78580E-2
-6.94839E-2
-5.43460E-2
-3.88860E-2
-2.72910E-2
-2.21376E-2
-1.95610E-2
-1.82726E-2
-1.69843E-2
-1.44076E-2
-1.27972E-2
-1.11868E-2
-1.05426E-2
-1.05426E-2
-9.25430E-3
-9.89847E-3
-9.25430E-3
-9.25430E-3
-8.61013E-3
-7.96597E-3
-7.64388E-3
-8.61013E-3
-8.61013E-3
-8.93222E-3
-8.61013E-3
-8.28805E-3
-8.61013E-3
-8.61013E-3
-8.93222E-3
-8.61013E-3
-7.96597E-3
-8.28805E-3
-9.25430E-3
-8.28805E-3
-8.28805E-3
-8.93222E-3
-1.11868E-2
-9.57638E-3
-6.67763E-3
-6.99972E-3
-8.61013E-3
-2.79351E-2
-9.36401E-2
-1.65465E-1
-2.24084E-1
-2.64344E-1
-2.93976E-1
-3.16844E-1
-3.34558E-1
-3.49374E-1
-3.59681E-1
-3.67089E-1
-3.73530E-1
-3.78040E-1
-3.82549E-1
-3.88024E-1
-3.92211E-1
-3.95110E-1
-3.95432E-1
-3.96398E-1
-3.98009E-1
-3.98009E-1
-3.98975E-1
-3.98975E-1
-3.98009E-1
-3.97687E-1
-3.97043E-1
-3.98975E-1
-4.02196E-1
-4.04128E-1
-4.03162E-1
-4.02196E-1
-4.02196E-1
-4.02840E-1
-4.03162E-1
-4.02840E-1
-4.04450E-1
-4.03484E-1
-4.02518E-1
-4.02840E-1
-4.02840E-1
-4.03806E-1
-4.02840E-1
-4.01874E-1
-4.01230E-1
-4.00908E-1
-3.99941E-1
-3.99297E-1
-4.04773E-1
-4.02518E-1
-4.02840E-1
-4.03484E-1
-4.03806E-1
-4.04450E-1
-4.04773E-1
-4.05417E-1
-4.04773E-1
-4.04450E-1
-4.04128E-1
-4.04128E-1
-4.04450E-1
-4.04128E-1
-4.04450E-1
-4.03484E-1
-4.03162E-1
-4.04450E-1
-4.02518E-1
-4.02518E-1
-4.01874E-1
-4.00908E-1
-3.99941E-1
-4.01230E-1
-4.02518E-1
-4.02518E-1
-4.01230E-1
-4.01552E-1
-4.01874E-1
-4.01874E-1
-4.03484E-1
-4.02518E-1
-4.02196E-1
-4.00263E-1
-3.99941E-1
-4.02196E-1
-4.04450E-1
-4.04450E-1
-4.02840E-1
-4.02196E-1
-4.03162E-1
-4.02840E-1
-4.02518E-1
-4.01552E-1
-4.00908E-1
-4.00908E-1
-4.00585E-1
-4.00908E-1
-4.04128E-1
-4.03484E-1
-3.98653E-1
-4.03484E-1
-3.96076E-1
-3.37457E-1
-2.59835E-1
-1.88333E-1
-1.33256E-1
-9.84714E-2
-7.88243E-2
-6.72293E-2
-5.69226E-2
-4.72601E-2
-3.92080E-2
-3.21222E-2
-2.66468E-2
-2.40701E-2
-2.24597E-2
-2.02051E-2
-1.79505E-2
-1.66622E-2
-1.50518E-2
-1.44076E-2
-1.40855E-2
-1.37635E-2
-1.34414E-2
-1.34414E-2
-1.27972E-2
-1.18310E-2
-1.27972E-2
-1.18310E-2
-1.27972E-2
-1.27972E-2
-1.24751E-2
-1.18310E-2
-1.15089E-2
-1.18310E-2
-1.18310E-2
-1.11868E-2
-1.08647E-2
-1.15089E-2
-1.15089E-2
-1.08647E-2
-1.11868E-2
-1.08647E-2
-1.05426E-2
-1.11868E-2
-1.11868E-2
-1.11868E-2
-8.61013E-3
-9.89847E-3
-1.18310E-2
-1.15089E-2
-1.11868E-2
-1.21530E-2
-1.18310E-2
-1.11868E-2
-1.05426E-2
-1.11868E-2
-1.11868E-2
-1.08647E-2
-1.08647E-2
-9.57638E-3
-1.05426E-2
-1.02205E-2
-1.05426E-2
-9.57638E-3
-9.57638E-3
-9.89847E-3
-9.57638E-3
-1.02205E-2
-1.02205E-2
-1.05426E-2
-9.89847E-3
-1.05426E-2
-9.89847E-3
-9.89847E-3
-9.89847E-3
-9.57638E-3
-9.89847E-3
-1.02205E-2
-9.57638E-3
-9.25430E-3
-9.89847E-3
-9.25430E-3
-9.89847E-3
-9.25430E-3
-9.89847E-3
-9.89847E-3
-9.25430E-3
-8.93222E-3
-8.93222E-3
-9.25430E-3
-8.61013E-3
-8.61013E-3
-8.93222E-3
-9.25430E-3
-8.28805E-3
-8.61013E-3
-1.24751E-2
-9.89847E-3
-7.96597E-3
-9.89847E-3
-9.25430E-3
-7.32180E-3
-7.96597E-3
-8.28805E-3
-9.25430E-3
-8.93222E-3
-8.28805E-3
-7.96597E-3
-7.96597E-3
-8.61013E-3
-8.28805E-3
-7.64388E-3
-8.61013E-3
-8.93222E-3
-8.61013E-3
-9.25430E-3
-8.61013E-3
-9.25430E-3
-9.25430E-3
-8.93222E-3
-8.61013E-3
-8.93222E-3
-8.93222E-3
-8.61013E-3
-8.93222E-3
-8.61013E-3
-9.57638E-3
-8.93222E-3
-9.89847E-3
-8.61013E-3
-8.93222E-3
-8.61013E-3
-8.28805E-3
-8.61013E-3
-8.61013E-3
-8.61013E-3
-7.96597E-3
-8.61013E-3
-8.61013E-3
-8.93222E-3
-8.61013E-3
-9.25430E-3
-8.93222E-3
-8.28805E-3
-8.28805E-3
-8.28805E-3
-6.35555E-3
-7.32180E-3
-9.57638E-3
-8.61013E-3
-8.93222E-3
-9.89847E-3
-1.02205E-2
-8.61013E-3
-8.28805E-3
-8.93222E-3
-8.93222E-3
-8.93222E-3
-9.25430E-3
-8.61013E-3
-8.93222E-3
-7.96597E-3
-7.64388E-3
-7.96597E-3
-7.96597E-3
-8.61013E-3
-9.25430E-3
-9.25430E-3
-9.25430E-3
-8.93222E-3
-9.25430E-3
-7.96597E-3
-8.93222E-3
-8.28805E-3
-8.28805E-3
-8.28805E-3
-8.28805E-3
-7.96597E-3
-7.96597E-3
-8.28805E-3
-8.61013E-3
-8.28805E-3
-8.61013E-3
-8.61013E-3
-8.61013E-3
-8.28805E-3
-8.61013E-3
-8.61013E-3
-8.61013E-3
-8.61013E-3
-7.64388E-3
-8.61013E-3
-8.61013E-3
-7.96597E-3
-8.61013E-3
-9.25430E-3
-1.11868E-2
-9.89847E-3
-8.28805E-3
-8.28805E-3
-8.28805E-3
-7.32180E-3
-7.64388E-3
-8.28805E-3
-9.25430E-3
-9.25430E-3
-7.32180E-3
-8.28805E-3
-8.61013E-3
-8.28805E-3
-9.25430E-3
-8.93222E-3
-8.28805E-3
-9.25430E-3
-8.28805E-3
-9.25430E-3
-7.96597E-3
-8.61013E-3
-7.96597E-3
-8.61013E-3
-7.64388E-3
-8.28805E-3
-8.28805E-3
-7.96597E-3
-8.61013E-3
-8.28805E-3
-8.61013E-3
-8.61013E-3
-7.96597E-3
-7.96597E-3
-8.28805E-3
-8.28805E-3
-8.93222E-3
-8.28805E-3
-8.61013E-3
-7.96597E-3
-8.28805E-3
-8.28805E-3
-7.96597E-3
-8.61013E-3
-8.61013E-3
-8.61013E-3
-8.61013E-3
-8.61013E-3
-7.64388E-3
-7.96597E-3
-6.03347E-3
-5.71138E-3
-9.25430E-3
-9.57638E-3
-8.93222E-3
-1.02205E-2
-9.89847E-3
-8.28805E-3
-8.28805E-3
-8.61013E-3
-8.61013E-3
-8.93222E-3
-8.61013E-3
-8.93222E-3
-8.61013E-3
-8.61013E-3
-8.28805E-3
-8.61013E-3
-8.93222E-3
-8.28805E-3
-8.61013E-3
-8.61013E-3
-8.28805E-3
-8.28805E-3
-8.61013E-3
-7.96597E-3
-9.25430E-3
-8.28805E-3
-8.61013E-3
-8.93222E-3
-8.93222E-3
-7.96597E-3
-8.28805E-3
-8.28805E-3
-8.28805E-3
-8.93222E-3
-7.32180E-3
-7.96597E-3
-8.28805E-3
-8.61013E-3
-7.96597E-3
-8.28805E-3
-8.28805E-3
-7.96597E-3
-8.28805E-3
-8.93222E-3
-8.28805E-3
-8.28805E-3
-8.61013E-3
-9.25430E-3
-1.18310E-2
-9.25430E-3
-6.99972E-3
-7.96597E-3
-8.61013E-3
-7.32180E-3
-8.28805E-3
-8.93222E-3
-8.93222E-3
-9.25430E-3
-8.28805E-3
-8.93222E-3
-8.61013E-3
-8.61013E-3
-9.25430E-3
-8.93222E-3
-8.61013E-3
-7.96597E-3
-8.28805E-3
-8.61013E-3
-8.28805E-3
-8.61013E-3
-8.61013E-3
-8.93222E-3
-7.96597E-3
-7.96597E-3
-7.96597E-3
-7.64388E-3
-7.96597E-3
-8.61013E-3
-7.96597E-3
-8.61013E-3
-8.28805E-3
-8.61013E-3
-8.61013E-3
-8.61013E-3
-8.28805E-3
-8.28805E-3
-7.96597E-3
-7.64388E-3
-7.96597E-3
-7.96597E-3
