6.83528E+9
4.62310E+8
-3.78345E-1
0.00000E+0
0.00000E+0
0.00000E+0
5.00000E-7
-1.24751E-2
-8.28805E-3
-8.61013E-3
-8.61013E-3
-8.28805E-3
-8.93222E-3
-8.28805E-3
-8.28805E-3
-8.28805E-3
-8.28805E-3
-8.28805E-3
-7.96597E-3
-7.64388E-3
-7.96597E-3
-1.11868E-2
-6.35555E-3
-5.38930E-3
-6.99972E-3
-7.32180E-3
-8.28805E-3
-6.99972E-3
-7.32180E-3
-7.32180E-3
-7.96597E-3
-7.32180E-3
-7.64388E-3
-7.96597E-3
-7.96597E-3
-8.28805E-3
-8.28805E-3
-8.93222E-3
-6.99972E-3
-5.06722E-3
-3.45680E-3
-5.71138E-3
-1.05426E-2
-1.76285E-2
-2.21376E-2
-2.43922E-2
-2.50364E-2
-2.60026E-2
-2.66468E-2
-2.76130E-2
-2.85793E-2
-2.89014E-2
-2.92235E-2
-3.01897E-2
-2.98676E-2
-3.05118E-2
-3.08339E-2
-3.08339E-2
-3.01897E-2
-3.05118E-2
-3.11560E-2
-3.14780E-2
-3.14780E-2
-3.14780E-2
-3.18001E-2
-3.27664E-2
-3.21222E-2
-3.21222E-2
-3.24443E-2
-3.24443E-2
-3.30885E-2
-3.08339E-2
-3.37326E-2
-3.40547E-2
-3.30885E-2
-3.34105E-2
-3.27664E-2
-3.24443E-2
-3.21222E-2
-3.37326E-2
-3.27664E-2
-3.30885E-2
-3.27664E-2
-3.24443E-2
-3.21222E-2
-3.27664E-2
-3.18001E-2
-3.34105E-2
-3.24443E-2
-3.27664E-2
-3.24443E-2
-3.30885E-2
-3.30885E-2
-3.30885E-2
-3.27664E-2
-3.24443E-2
-3.34105E-2
-3.27664E-2
-3.27664E-2
-3.24443E-2
-3.30885E-2
-3.34105E-2
-3.24443E-2
-3.27664E-2
-3.30885E-2
-3.34105E-2
-3.30885E-2
-3.34105E-2
-3.24443E-2
-3.30885E-2
-3.27664E-2
-3.27664E-2
-3.21222E-2
-3.24443E-2
-3.21222E-2
-3.24443E-2
-3.27664E-2
-3.24443E-2
-3.21222E-2
-3.27664E-2
-3.21222E-2
-3.75976E-2
-3.18001E-2
-2.98676E-2
-3.11560E-2
-3.21222E-2
-3.24443E-2
-3.14780E-2
-3.18001E-2
-3.18001E-2
-3.18001E-2
-3.21222E-2
-3.14780E-2
-3.11560E-2
-3.18001E-2
-3.21222E-2
-3.18001E-2
-2.72910E-2
-3.30885E-2
-3.24443E-2
-2.95455E-2
-2.40701E-2
-1.76285E-2
-1.34414E-2
-1.21530E-2
-1.11868E-2
-1.11868E-2
-1.11868E-2
-9.57638E-3
-7.96597E-3
-8.61013E-3
-8.61013E-3
-8.28805E-3
-7.96597E-3
-6.99972E-3
-7.64388E-3
-7.32180E-3
-7.32180E-3
-7.96597E-3
-7.32180E-3
-7.64388E-3
-7.32180E-3
-6.67763E-3
-7.64388E-3
-7.32180E-3
-7.32180E-3
-7.96597E-3
-8.28805E-3
-7.64388E-3
-6.99972E-3
-7.96597E-3
-5.38930E-3
-9.25430E-3
-8.93222E-3
-8.28805E-3
-7.96597E-3
-7.64388E-3
-7.64388E-3
-6.03347E-3
-7.32180E-3
-2.43922E-2
-8.55880E-2
-1.54192E-1
-2.10878E-1
-2.54038E-1
-2.86890E-1
-3.08792E-1
-3.27473E-1
-3.41644E-1
-3.52917E-1
-3.62258E-1
-3.69988E-1
-3.75141E-1
-3.79650E-1
-3.82549E-1
-3.84159E-1
-3.87380E-1
-3.88346E-1
-3.90923E-1
-3.92211E-1
-3.92211E-1
-3.92855E-1
-3.94144E-1
-3.94788E-1
-3.94466E-1
-3.95432E-1
-3.94788E-1
-3.96076E-1
-3.95432E-1
-3.95754E-1
-3.95110E-1
-3.95432E-1
-3.95754E-1
-3.96398E-1
-3.95432E-1
-3.95110E-1
-3.96076E-1
-3.96720E-1
-3.96076E-1
-3.96398E-1
-3.96398E-1
-4.03162E-1
-3.96076E-1
-3.94466E-1
-3.95754E-1
-3.97687E-1
-3.99297E-1
-3.98653E-1
-3.97687E-1
-3.98009E-1
-3.99619E-1
-3.98975E-1
-3.99619E-1
-3.98975E-1
-3.97365E-1
-3.96398E-1
-3.95754E-1
-3.96720E-1
-3.95754E-1
-3.96398E-1
-3.96720E-1
-3.96720E-1
-3.96398E-1
-3.97043E-1
-3.98331E-1
-3.97687E-1
-3.98653E-1
-4.00908E-1
-3.98975E-1
-3.98009E-1
-3.97365E-1
-3.96398E-1
-3.95432E-1
-3.95110E-1
-3.95110E-1
-3.95754E-1
-3.96398E-1
-3.96720E-1
-3.98653E-1
-3.99619E-1
-3.98331E-1
-3.97043E-1
-3.96398E-1
-3.97043E-1
-3.97687E-1
-3.96398E-1
-3.95110E-1
-3.95110E-1
-3.93500E-1
-3.94788E-1
-3.96398E-1
-3.93500E-1
-3.99297E-1
-3.97365E-1
-3.97365E-1
-3.97687E-1
-3.97687E-1
-3.98009E-1
-3.98009E-1
-3.92855E-1
-3.34880E-1
-2.58547E-1
-1.85756E-1
-1.31324E-1
-9.62168E-2
-7.72139E-2
-6.65851E-2
-5.69226E-2
-4.66160E-2
-3.82418E-2
-3.21222E-2
-2.76130E-2
-2.37480E-2
-2.14935E-2
-1.95610E-2
-1.76285E-2
-1.60180E-2
-1.53739E-2
-1.40855E-2
-1.40855E-2
-1.37635E-2
-1.27972E-2
-1.27972E-2
-1.21530E-2
-1.21530E-2
-1.21530E-2
-1.21530E-2
-1.11868E-2
-1.11868E-2
-1.18310E-2
-1.08647E-2
-1.08647E-2
-1.02205E-2
-1.08647E-2
-1.05426E-2
-1.05426E-2
-1.05426E-2
-1.15089E-2
-1.08647E-2
-1.08647E-2
-1.05426E-2
-1.50518E-2
-9.25430E-3
-8.28805E-3
-9.57638E-3
-9.57638E-3
-9.89847E-3
-9.57638E-3
-9.89847E-3
-9.25430E-3
-9.57638E-3
-9.57638E-3
-9.89847E-3
-9.57638E-3
-1.05426E-2
-9.57638E-3
-9.57638E-3
-9.57638E-3
-9.89847E-3
-9.25430E-3
-9.89847E-3
-9.25430E-3
-8.93222E-3
-9.89847E-3
-9.25430E-3
-9.57638E-3
-9.57638E-3
-1.05426E-2
-9.25430E-3
-9.89847E-3
-8.28805E-3
-8.93222E-3
-8.93222E-3
-8.93222E-3
-8.28805E-3
-8.28805E-3
-8.93222E-3
-8.93222E-3
-8.28805E-3
-9.25430E-3
-8.28805E-3
-8.28805E-3
-8.61013E-3
-8.93222E-3
-8.61013E-3
-9.25430E-3
-8.61013E-3
-8.61013E-3
-9.25430E-3
-7.96597E-3
-7.96597E-3
-5.38930E-3
-9.25430E-3
-1.15089E-2
-8.93222E-3
-9.57638E-3
-9.89847E-3
-9.25430E-3
-8.28805E-3
-9.25430E-3
-8.93222E-3
-8.28805E-3
-8.28805E-3
-7.64388E-3
-6.67763E-3
-6.99972E-3
-6.99972E-3
-8.28805E-3
-8.28805E-3
-8.61013E-3
-9.57638E-3
-8.93222E-3
-8.61013E-3
-7.32180E-3
-7.96597E-3
-7.64388E-3
-7.96597E-3
-7.32180E-3
-7.64388E-3
-8.28805E-3
-7.96597E-3
-7.96597E-3
-8.61013E-3
-7.96597E-3
-8.28805E-3
-8.28805E-3
-8.61013E-3
-8.28805E-3
-7.96597E-3
-8.28805E-3
-7.64388E-3
-7.96597E-3
-7.64388E-3
-7.64388E-3
-7.32180E-3
-7.64388E-3
-6.99972E-3
-7.64388E-3
-7.96597E-3
-7.64388E-3
-7.96597E-3
-1.21530E-2
-6.67763E-3
-5.06722E-3
-6.35555E-3
-7.64388E-3
-7.32180E-3
-6.67763E-3
-6.99972E-3
-6.99972E-3
-7.96597E-3
-7.96597E-3
-8.28805E-3
-7.96597E-3
-8.28805E-3
-7.96597E-3
-7.32180E-3
-6.99972E-3
-6.67763E-3
-6.99972E-3
-7.96597E-3
-6.67763E-3
-7.64388E-3
-6.99972E-3
-7.64388E-3
-8.28805E-3
-8.61013E-3
-8.28805E-3
-7.64388E-3
-8.28805E-3
-7.96597E-3
-8.28805E-3
-7.96597E-3
-7.96597E-3
-7.64388E-3
-8.28805E-3
-7.64388E-3
-7.64388E-3
-8.28805E-3
-8.28805E-3
-8.61013E-3
-8.28805E-3
-8.61013E-3
-7.96597E-3
-7.32180E-3
-8.28805E-3
-8.28805E-3
-7.96597E-3
-7.96597E-3
-7.32180E-3
-7.64388E-3
-5.71138E-3
-8.61013E-3
-9.25430E-3
-8.61013E-3
-8.93222E-3
-7.64388E-3
-7.64388E-3
-6.99972E-3
-7.32180E-3
-7.96597E-3
-7.96597E-3
-7.96597E-3
-6.99972E-3
-7.64388E-3
-7.96597E-3
-7.32180E-3
-7.64388E-3
-7.64388E-3
-7.96597E-3
-7.32180E-3
-8.28805E-3
-7.64388E-3
-6.99972E-3
-7.64388E-3
-7.64388E-3
-7.32180E-3
-7.64388E-3
-7.96597E-3
-7.32180E-3
-6.67763E-3
-7.64388E-3
-7.64388E-3
-7.96597E-3
-7.96597E-3
-7.96597E-3
-7.64388E-3
-7.32180E-3
-7.64388E-3
-7.32180E-3
-7.64388E-3
-7.32180E-3
-7.96597E-3
-7.96597E-3
-7.96597E-3
-7.32180E-3
-7.64388E-3
-8.28805E-3
-8.28805E-3
-8.28805E-3
-7.32180E-3
-1.05426E-2
-6.67763E-3
-5.71138E-3
-6.35555E-3
-6.99972E-3
-6.99972E-3
-7.32180E-3
-7.64388E-3
-6.67763E-3
-7.32180E-3
-7.32180E-3
-7.64388E-3
-6.99972E-3
-6.99972E-3
-7.96597E-3
-7.32180E-3
-7.32180E-3
-6.35555E-3
-6.99972E-3
-7.32180E-3
-6.67763E-3
-7.32180E-3
-6.99972E-3
-7.32180E-3
-7.32180E-3
-7.32180E-3
-7.64388E-3
-7.32180E-3
-7.32180E-3
-6.99972E-3
-6.67763E-3
-7.32180E-3
-6.99972E-3
-7.32180E-3
-6.99972E-3
-7.64388E-3
-7.32180E-3
-7.32180E-3
-6.67763E-3
-7.96597E-3
-6.99972E-3
-6.99972E-3
-6.99972E-3
-6.99972E-3
-6.99972E-3
-7.32180E-3
-6.99972E-3
-6.35555E-3
-6.99972E-3
-6.99972E-3
-6.67763E-3
-7.32180E-3
-7.96597E-3
-7.96597E-3
-8.61013E-3
-8.61013E-3
-7.64388E-3
-7.96597E-3
-8.28805E-3
-7.96597E-3
-7.96597E-3
-8.28805E-3
-7.64388E-3
-7.96597E-3
-7.64388E-3
-6.99972E-3
-7.64388E-3
-7.96597E-3
-7.64388E-3
-7.64388E-3
-7.96597E-3
-8.61013E-3
-7.96597E-3
-7.64388E-3
-7.96597E-3
-7.64388E-3
-7.96597E-3
-7.32180E-3
-7.32180E-3
-7.64388E-3
-7.96597E-3
-7.96597E-3
-7.96597E-3
-7.64388E-3
-7.96597E-3
-7.64388E-3
-7.32180E-3
-7.96597E-3
-7.32180E-3
-7.64388E-3
-7.64388E-3
-7.96597E-3
-8.28805E-3
-7.96597E-3
-6.99972E-3
-7.32180E-3
