6.83421E+9
4.61240E+8
-3.94668E-1
0.00000E+0
0.00000E+0
0.00000E+0
5.00000E-7
-1.27972E-2
-8.61013E-3
-8.28805E-3
-7.96597E-3
-8.61013E-3
-7.96597E-3
-7.96597E-3
-8.28805E-3
-8.28805E-3
-7.96597E-3
-8.61013E-3
-8.61013E-3
-7.96597E-3
-8.28805E-3
-8.61013E-3
-8.93222E-3
-8.28805E-3
-8.61013E-3
-7.96597E-3
-8.61013E-3
-8.61013E-3
-7.96597E-3
-8.61013E-3
-7.96597E-3
-7.96597E-3
-7.96597E-3
-8.28805E-3
-8.28805E-3
-8.61013E-3
-8.61013E-3
-8.28805E-3
-7.32180E-3
-5.71138E-3
-4.74513E-3
-8.61013E-3
-1.76285E-2
-2.92235E-2
-3.75976E-2
-4.01743E-2
-4.14626E-2
-4.30730E-2
-4.53276E-2
-4.69380E-2
-4.82264E-2
-4.95147E-2
-5.01589E-2
-5.04810E-2
-5.17693E-2
-5.14472E-2
-5.24135E-2
-5.20914E-2
-5.30576E-2
-5.30576E-2
-5.30576E-2
-5.27355E-2
-5.24135E-2
-5.27355E-2
-5.27355E-2
-5.37018E-2
-5.37018E-2
-5.33797E-2
-5.43460E-2
-5.40239E-2
-5.37018E-2
-5.40239E-2
-5.33797E-2
-5.33797E-2
-5.43460E-2
-5.40239E-2
-5.37018E-2
-5.37018E-2
-5.40239E-2
-5.37018E-2
-5.33797E-2
-5.30576E-2
-5.30576E-2
-5.33797E-2
-5.17693E-2
-5.30576E-2
-5.20914E-2
-5.27355E-2
-5.27355E-2
-5.27355E-2
-5.24135E-2
-5.20914E-2
-5.24135E-2
-5.24135E-2
-5.30576E-2
-5.30576E-2
-5.24135E-2
-5.24135E-2
-5.30576E-2
-5.20914E-2
-5.27355E-2
-5.27355E-2
-5.30576E-2
-5.27355E-2
-5.27355E-2
-5.17693E-2
-5.20914E-2
-5.27355E-2
-5.24135E-2
-5.24135E-2
-5.14472E-2
-5.17693E-2
-5.17693E-2
-5.20914E-2
-5.14472E-2
-5.14472E-2
-5.14472E-2
-5.17693E-2
-5.14472E-2
-5.08030E-2
-5.17693E-2
-5.08030E-2
-5.08030E-2
-5.14472E-2
-5.14472E-2
-5.17693E-2
-5.14472E-2
-5.17693E-2
-5.20914E-2
-5.17693E-2
-5.11251E-2
-5.14472E-2
-5.11251E-2
-5.20914E-2
-5.04810E-2
-5.14472E-2
-5.08030E-2
-4.62939E-2
-5.14472E-2
-5.04810E-2
-4.56497E-2
-3.69535E-2
-2.63247E-2
-1.92389E-2
-1.66622E-2
-1.47297E-2
-1.40855E-2
-1.40855E-2
-1.24751E-2
-1.02205E-2
-1.02205E-2
-8.93222E-3
-8.93222E-3
-8.61013E-3
-8.28805E-3
-7.64388E-3
-7.96597E-3
-7.64388E-3
-7.96597E-3
-7.96597E-3
-7.32180E-3
-8.61013E-3
-8.28805E-3
-8.93222E-3
-8.61013E-3
-7.64388E-3
-7.96597E-3
-8.28805E-3
-6.99972E-3
-8.28805E-3
-7.96597E-3
-8.28805E-3
-7.32180E-3
-8.28805E-3
-8.28805E-3
-7.32180E-3
-7.96597E-3
-8.28805E-3
-7.96597E-3
-7.96597E-3
-2.69689E-2
-9.23518E-2
-1.64498E-1
-2.22151E-1
-2.65955E-1
-2.96875E-1
-3.19743E-1
-3.38423E-1
-3.53561E-1
-3.67089E-1
-3.77395E-1
-3.84803E-1
-3.90923E-1
-3.95110E-1
-3.98331E-1
-4.02196E-1
-4.05739E-1
-4.07671E-1
-4.08315E-1
-4.07349E-1
-4.07993E-1
-4.08315E-1
-4.07671E-1
-4.08315E-1
-4.08960E-1
-4.09604E-1
-4.09604E-1
-4.10570E-1
-4.10892E-1
-4.11536E-1
-4.11536E-1
-4.12180E-1
-4.13147E-1
-4.13469E-1
-4.13791E-1
-4.14435E-1
-4.15401E-1
-4.14757E-1
-4.14757E-1
-4.14435E-1
-4.13469E-1
-4.11536E-1
-4.10248E-1
-4.10570E-1
-4.11858E-1
-4.13791E-1
-4.14113E-1
-4.14435E-1
-4.13469E-1
-4.12503E-1
-4.12825E-1
-4.14435E-1
-4.15401E-1
-4.15401E-1
-4.15401E-1
-4.15723E-1
-4.15079E-1
-4.14435E-1
-4.14113E-1
-4.13469E-1
-4.13147E-1
-4.11858E-1
-4.11536E-1
-4.12503E-1
-4.13469E-1
-4.14435E-1
-4.15079E-1
-4.16045E-1
-4.16045E-1
-4.14757E-1
-4.15723E-1
-4.16045E-1
-4.14435E-1
-4.12503E-1
-4.11536E-1
-4.12180E-1
-4.13147E-1
-4.14113E-1
-4.13791E-1
-4.14113E-1
-4.13469E-1
-4.12503E-1
-4.11536E-1
-4.11536E-1
-4.11858E-1
-4.11858E-1
-4.11536E-1
-4.12825E-1
-4.12825E-1
-4.12825E-1
-4.12180E-1
-4.12180E-1
-4.11858E-1
-4.12180E-1
-4.11536E-1
-4.12503E-1
-4.10892E-1
-4.11214E-1
-4.10892E-1
-4.04450E-1
-3.45187E-1
-2.65310E-1
-1.92198E-1
-1.35833E-1
-9.91155E-2
-7.91464E-2
-6.78734E-2
-5.78889E-2
-4.75822E-2
-3.85639E-2
-3.11560E-2
-2.76130E-2
-2.34260E-2
-2.14935E-2
-1.89168E-2
-1.79505E-2
-1.60180E-2
-1.47297E-2
-1.37635E-2
-1.34414E-2
-1.27972E-2
-1.21530E-2
-1.18310E-2
-1.18310E-2
-1.24751E-2
-1.24751E-2
-1.18310E-2
-1.15089E-2
-1.21530E-2
-1.15089E-2
-1.08647E-2
-1.18310E-2
-1.15089E-2
-1.11868E-2
-1.18310E-2
-1.18310E-2
-1.18310E-2
-1.08647E-2
-1.11868E-2
-1.11868E-2
-1.11868E-2
-1.08647E-2
-1.15089E-2
-1.15089E-2
-1.11868E-2
-1.15089E-2
-1.08647E-2
-1.11868E-2
-1.08647E-2
-1.08647E-2
-1.11868E-2
-1.11868E-2
-1.11868E-2
-1.05426E-2
-1.05426E-2
-1.08647E-2
-1.11868E-2
-1.05426E-2
-1.02205E-2
-9.89847E-3
-9.89847E-3
-1.02205E-2
-1.02205E-2
-9.25430E-3
-9.89847E-3
-9.57638E-3
-9.57638E-3
-9.57638E-3
-1.02205E-2
-9.57638E-3
-9.57638E-3
-9.89847E-3
-8.93222E-3
-9.25430E-3
-8.93222E-3
-9.57638E-3
-8.93222E-3
-8.93222E-3
-8.61013E-3
-9.25430E-3
-8.61013E-3
-9.57638E-3
-9.89847E-3
-8.61013E-3
-9.57638E-3
-9.89847E-3
-9.25430E-3
-9.25430E-3
-9.25430E-3
-8.61013E-3
-8.61013E-3
-8.61013E-3
-9.25430E-3
-8.61013E-3
-8.61013E-3
-8.61013E-3
-8.61013E-3
-9.57638E-3
-9.25430E-3
-9.25430E-3
-9.25430E-3
-8.61013E-3
-9.25430E-3
-8.93222E-3
-9.25430E-3
-9.25430E-3
-9.25430E-3
-8.61013E-3
-9.25430E-3
-9.57638E-3
-9.57638E-3
-9.57638E-3
-9.25430E-3
-8.61013E-3
-9.25430E-3
-9.25430E-3
-9.25430E-3
-9.25430E-3
-9.25430E-3
-8.61013E-3
-8.93222E-3
-9.25430E-3
-8.93222E-3
-8.93222E-3
-9.25430E-3
-9.57638E-3
-9.25430E-3
-9.57638E-3
-9.25430E-3
-9.57638E-3
-8.93222E-3
-8.61013E-3
-9.25430E-3
-9.25430E-3
-8.61013E-3
-9.25430E-3
-8.93222E-3
-8.93222E-3
-9.25430E-3
-9.25430E-3
-8.61013E-3
-8.93222E-3
-7.64388E-3
-8.28805E-3
-7.64388E-3
-8.28805E-3
-7.32180E-3
-8.28805E-3
-7.96597E-3
-8.28805E-3
-8.28805E-3
-8.93222E-3
-7.96597E-3
-8.28805E-3
-7.96597E-3
-7.64388E-3
-8.61013E-3
-7.32180E-3
-8.61013E-3
-7.64388E-3
-7.96597E-3
-8.28805E-3
-8.28805E-3
-7.64388E-3
-7.96597E-3
-8.61013E-3
-8.61013E-3
-7.96597E-3
-7.64388E-3
-8.61013E-3
-7.96597E-3
-7.32180E-3
-7.64388E-3
-7.64388E-3
-7.96597E-3
-7.96597E-3
-7.96597E-3
-8.28805E-3
-8.28805E-3
-8.28805E-3
-8.93222E-3
-8.28805E-3
-8.61013E-3
-8.61013E-3
-8.61013E-3
-8.93222E-3
-8.28805E-3
-8.61013E-3
-9.25430E-3
-8.61013E-3
-8.28805E-3
-8.93222E-3
-8.28805E-3
-8.61013E-3
-8.61013E-3
-8.61013E-3
-8.61013E-3
-9.25430E-3
-9.25430E-3
-8.61013E-3
-9.25430E-3
-8.93222E-3
-8.93222E-3
-9.57638E-3
-9.57638E-3
-8.28805E-3
-1.02205E-2
-8.93222E-3
-8.93222E-3
-8.61013E-3
-8.61013E-3
-8.61013E-3
-8.28805E-3
-8.28805E-3
-8.61013E-3
-8.61013E-3
-8.28805E-3
-8.28805E-3
-8.28805E-3
-8.28805E-3
-8.93222E-3
-8.93222E-3
-8.28805E-3
-8.93222E-3
-9.57638E-3
-8.28805E-3
-8.28805E-3
-8.28805E-3
-8.28805E-3
-8.61013E-3
-8.93222E-3
-8.28805E-3
-8.61013E-3
-8.93222E-3
-9.25430E-3
-8.61013E-3
-8.28805E-3
-8.93222E-3
-8.28805E-3
-8.61013E-3
-9.25430E-3
-8.28805E-3
-8.61013E-3
-8.61013E-3
-8.61013E-3
-7.96597E-3
-8.93222E-3
-8.61013E-3
-8.93222E-3
-8.28805E-3
-7.96597E-3
-7.96597E-3
-8.28805E-3
-8.28805E-3
-8.61013E-3
-7.96597E-3
-7.96597E-3
-7.96597E-3
-7.96597E-3
-7.96597E-3
-8.28805E-3
-8.28805E-3
-7.96597E-3
-7.64388E-3
-7.32180E-3
-8.28805E-3
-7.64388E-3
-7.96597E-3
-8.61013E-3
-8.61013E-3
-8.28805E-3
-7.96597E-3
-7.64388E-3
-7.96597E-3
-8.28805E-3
-6.99972E-3
-7.96597E-3
-8.61013E-3
-8.61013E-3
-8.28805E-3
-8.28805E-3
-7.64388E-3
-7.96597E-3
-8.61013E-3
-8.61013E-3
-8.28805E-3
-7.96597E-3
-7.96597E-3
-8.28805E-3
-8.61013E-3
-8.61013E-3
-8.93222E-3
-8.61013E-3
-9.25430E-3
-8.61013E-3
-8.61013E-3
-8.28805E-3
-8.28805E-3
-8.61013E-3
-8.28805E-3
-8.28805E-3
-7.96597E-3
-6.99972E-3
-7.64388E-3
-8.61013E-3
-8.28805E-3
-8.28805E-3
-8.61013E-3
-8.93222E-3
-9.25430E-3
-9.25430E-3
-9.25430E-3
-9.25430E-3
-8.93222E-3
-8.28805E-3
-7.64388E-3
-7.64388E-3
-9.25430E-3
-8.28805E-3
-8.28805E-3
-9.25430E-3
-8.28805E-3
-8.61013E-3
-8.28805E-3
-8.28805E-3
-9.25430E-3
-8.61013E-3
-8.28805E-3
-8.28805E-3
-8.61013E-3
-7.96597E-3
-8.28805E-3
-8.93222E-3
-7.96597E-3
-7.96597E-3
-7.96597E-3
-8.28805E-3
