6.83434E+9
4.61370E+8
-3.85516E-1
0.00000E+0
0.00000E+0
0.00000E+0
5.00000E-7
-1.11868E-2
-7.64388E-3
-7.96597E-3
-7.64388E-3
-7.64388E-3
-8.61013E-3
-8.28805E-3
-7.32180E-3
-7.96597E-3
-7.64388E-3
-7.64388E-3
-7.64388E-3
-7.96597E-3
-8.28805E-3
-7.96597E-3
-7.64388E-3
-8.28805E-3
-8.28805E-3
-7.64388E-3
-8.28805E-3
-8.61013E-3
-9.25430E-3
-8.93222E-3
-1.02205E-2
-9.25430E-3
-9.89847E-3
-8.61013E-3
-8.61013E-3
-8.61013E-3
-8.28805E-3
-7.96597E-3
-8.28805E-3
-6.35555E-3
-4.74513E-3
-1.31193E-2
-3.21222E-2
-5.17693E-2
-6.33643E-2
-6.91618E-2
-7.20605E-2
-7.52814E-2
-7.78580E-2
-8.04347E-2
-8.23672E-2
-8.42997E-2
-8.52659E-2
-8.59101E-2
-8.65543E-2
-8.75205E-2
-8.75205E-2
-8.84868E-2
-8.78426E-2
-8.75205E-2
-8.81647E-2
-8.75205E-2
-8.78426E-2
-8.88089E-2
-8.91309E-2
-8.94530E-2
-8.97751E-2
-8.97751E-2
-8.97751E-2
-9.00972E-2
-8.94530E-2
-8.97751E-2
-8.91309E-2
-8.91309E-2
-8.81647E-2
-8.75205E-2
-8.84868E-2
-8.84868E-2
-8.84868E-2
-8.81647E-2
-8.71984E-2
-8.78426E-2
-8.75205E-2
-8.71984E-2
-8.71984E-2
-8.75205E-2
-8.71984E-2
-8.81647E-2
-8.68764E-2
-8.71984E-2
-8.78426E-2
-8.68764E-2
-8.68764E-2
-8.71984E-2
-8.75205E-2
-8.75205E-2
-8.65543E-2
-8.62322E-2
-8.62322E-2
-8.71984E-2
-8.59101E-2
-8.62322E-2
-8.62322E-2
-8.59101E-2
-8.55880E-2
-8.52659E-2
-8.55880E-2
-8.59101E-2
-8.62322E-2
-8.59101E-2
-8.55880E-2
-8.52659E-2
-8.52659E-2
-8.65543E-2
-8.62322E-2
-8.52659E-2
-8.59101E-2
-8.46218E-2
-8.42997E-2
-8.49439E-2
-8.49439E-2
-8.49439E-2
-8.46218E-2
-8.39776E-2
-8.46218E-2
-8.49439E-2
-8.49439E-2
-8.42997E-2
-8.30114E-2
-8.26893E-2
-8.33334E-2
-8.36555E-2
-8.36555E-2
-8.33334E-2
-8.39776E-2
-8.36555E-2
-8.20451E-2
-7.85022E-2
-8.30114E-2
-8.20451E-2
-7.39930E-2
-5.78889E-2
-4.11405E-2
-2.89014E-2
-2.34260E-2
-2.05272E-2
-1.89168E-2
-1.79505E-2
-1.44076E-2
-1.21530E-2
-1.15089E-2
-9.89847E-3
-9.25430E-3
-9.89847E-3
-9.25430E-3
-8.61013E-3
-9.25430E-3
-7.96597E-3
-8.28805E-3
-8.61013E-3
-8.28805E-3
-8.28805E-3
-8.61013E-3
-8.61013E-3
-8.28805E-3
-8.28805E-3
-8.93222E-3
-9.25430E-3
-7.64388E-3
-7.96597E-3
-7.64388E-3
-7.96597E-3
-7.96597E-3
-8.28805E-3
-7.64388E-3
-8.61013E-3
-8.28805E-3
-7.64388E-3
-7.96597E-3
-8.28805E-3
-2.85793E-2
-9.62168E-2
-1.68363E-1
-2.24728E-1
-2.64988E-1
-2.94942E-1
-3.18776E-1
-3.38423E-1
-3.51951E-1
-3.62580E-1
-3.70310E-1
-3.78362E-1
-3.84803E-1
-3.89957E-1
-3.92211E-1
-3.93178E-1
-3.94788E-1
-3.98009E-1
-3.99941E-1
-3.98975E-1
-3.97043E-1
-3.96720E-1
-3.97687E-1
-3.99297E-1
-4.00263E-1
-4.00585E-1
-4.00908E-1
-4.02196E-1
-4.02196E-1
-4.03484E-1
-4.04450E-1
-4.06705E-1
-4.07027E-1
-4.06061E-1
-4.05417E-1
-4.04773E-1
-4.05417E-1
-4.05095E-1
-4.05739E-1
-4.05095E-1
-4.05739E-1
-4.06705E-1
-4.06061E-1
-4.06705E-1
-4.06061E-1
-4.06383E-1
-4.06383E-1
-4.07349E-1
-4.06061E-1
-4.04773E-1
-4.03806E-1
-4.04773E-1
-4.04773E-1
-4.05417E-1
-4.05739E-1
-4.05739E-1
-4.04128E-1
-4.03806E-1
-4.03484E-1
-4.02196E-1
-4.02196E-1
-4.03484E-1
-4.04773E-1
-4.04773E-1
-4.03806E-1
-4.03484E-1
-4.03806E-1
-4.05739E-1
-4.04450E-1
-4.05095E-1
-4.04773E-1
-4.05417E-1
-4.05739E-1
-4.07349E-1
-4.05095E-1
-4.02518E-1
-4.01230E-1
-4.00263E-1
-4.00585E-1
-4.02840E-1
-4.02196E-1
-4.02196E-1
-4.01552E-1
-3.99941E-1
-3.98975E-1
-3.98975E-1
-4.01552E-1
-4.04773E-1
-4.06383E-1
-4.05739E-1
-4.03806E-1
-4.03484E-1
-4.02518E-1
-4.03484E-1
-4.03806E-1
-4.04773E-1
-4.04450E-1
-4.04450E-1
-4.06383E-1
-4.00908E-1
-3.43255E-1
-2.63700E-1
-1.90587E-1
-1.34867E-1
-9.84714E-2
-8.01126E-2
-6.78734E-2
-5.85330E-2
-4.82264E-2
-3.85639E-2
-3.27664E-2
-2.82572E-2
-2.53585E-2
-2.21376E-2
-2.02051E-2
-1.79505E-2
-1.60180E-2
-1.50518E-2
-1.40855E-2
-1.31193E-2
-1.24751E-2
-1.27972E-2
-1.21530E-2
-1.24751E-2
-1.21530E-2
-1.15089E-2
-1.21530E-2
-1.15089E-2
-1.11868E-2
-1.15089E-2
-1.05426E-2
-1.11868E-2
-1.05426E-2
-1.11868E-2
-1.08647E-2
-1.05426E-2
-1.15089E-2
-1.11868E-2
-1.15089E-2
-1.15089E-2
-1.11868E-2
-1.08647E-2
-1.18310E-2
-1.15089E-2
-1.11868E-2
-1.11868E-2
-1.11868E-2
-1.11868E-2
-1.11868E-2
-1.05426E-2
-1.08647E-2
-1.11868E-2
-1.18310E-2
-1.15089E-2
-1.08647E-2
-1.08647E-2
-1.08647E-2
-1.08647E-2
-1.08647E-2
-9.89847E-3
-9.57638E-3
-1.05426E-2
-1.08647E-2
-1.02205E-2
-1.05426E-2
-9.89847E-3
-9.25430E-3
-9.89847E-3
-1.02205E-2
-1.11868E-2
-1.02205E-2
-1.02205E-2
-9.57638E-3
-9.25430E-3
-9.89847E-3
-9.57638E-3
-8.93222E-3
-9.89847E-3
-9.57638E-3
-9.89847E-3
-9.89847E-3
-9.25430E-3
-9.25430E-3
-9.57638E-3
-9.57638E-3
-9.25430E-3
-8.93222E-3
-8.93222E-3
-9.57638E-3
-8.93222E-3
-9.89847E-3
-8.61013E-3
-8.93222E-3
-8.93222E-3
-8.61013E-3
-8.61013E-3
-8.61013E-3
-9.57638E-3
-8.93222E-3
-8.61013E-3
-8.93222E-3
-9.25430E-3
-8.61013E-3
-8.61013E-3
-9.25430E-3
-8.28805E-3
-8.93222E-3
-9.57638E-3
-9.25430E-3
-8.61013E-3
-8.93222E-3
-8.61013E-3
-9.25430E-3
-9.25430E-3
-8.61013E-3
-8.61013E-3
-8.93222E-3
-8.61013E-3
-9.25430E-3
-8.93222E-3
-9.25430E-3
-1.02205E-2
-1.02205E-2
-9.57638E-3
-9.57638E-3
-8.93222E-3
-9.57638E-3
-9.25430E-3
-8.93222E-3
-9.57638E-3
-9.25430E-3
-9.57638E-3
-9.57638E-3
-9.25430E-3
-9.25430E-3
-9.89847E-3
-1.02205E-2
-9.89847E-3
-9.25430E-3
-8.28805E-3
-9.25430E-3
-7.96597E-3
-7.96597E-3
-8.93222E-3
-8.28805E-3
-8.93222E-3
-8.61013E-3
-9.25430E-3
-8.61013E-3
-8.28805E-3
-7.96597E-3
-7.32180E-3
-7.96597E-3
-7.32180E-3
-7.96597E-3
-8.28805E-3
-7.64388E-3
-7.64388E-3
-7.64388E-3
-7.96597E-3
-7.96597E-3
-7.96597E-3
-8.28805E-3
-8.28805E-3
-7.32180E-3
-8.28805E-3
-7.64388E-3
-8.61013E-3
-8.61013E-3
-8.93222E-3
-7.64388E-3
-7.96597E-3
-7.96597E-3
-7.32180E-3
-8.61013E-3
-7.96597E-3
-8.28805E-3
-8.93222E-3
-8.28805E-3
-8.28805E-3
-8.61013E-3
-8.61013E-3
-8.61013E-3
-8.28805E-3
-8.61013E-3
-7.96597E-3
-8.28805E-3
-9.25430E-3
-8.28805E-3
-8.28805E-3
-8.61013E-3
-8.61013E-3
-8.61013E-3
-9.25430E-3
-9.25430E-3
-8.93222E-3
-8.61013E-3
-8.93222E-3
-8.61013E-3
-8.61013E-3
-7.64388E-3
-6.99972E-3
-7.64388E-3
-7.64388E-3
-7.96597E-3
-7.32180E-3
-7.96597E-3
-7.96597E-3
-8.61013E-3
-8.93222E-3
-7.96597E-3
-7.96597E-3
-7.32180E-3
-8.28805E-3
-8.28805E-3
-7.96597E-3
-7.96597E-3
-8.28805E-3
-8.28805E-3
-9.25430E-3
-8.28805E-3
-8.28805E-3
-8.28805E-3
-8.61013E-3
-8.28805E-3
-8.28805E-3
-7.96597E-3
-7.96597E-3
-8.28805E-3
-7.96597E-3
-8.28805E-3
-8.61013E-3
-8.28805E-3
-9.25430E-3
-8.61013E-3
-8.61013E-3
-8.93222E-3
-9.25430E-3
-8.93222E-3
-8.93222E-3
-8.28805E-3
-8.93222E-3
-8.61013E-3
-8.61013E-3
-8.28805E-3
-7.96597E-3
-8.61013E-3
-8.93222E-3
-8.28805E-3
-8.28805E-3
-8.61013E-3
-8.93222E-3
-8.61013E-3
-8.61013E-3
-7.96597E-3
-8.61013E-3
-7.64388E-3
-8.61013E-3
-7.96597E-3
-7.96597E-3
-8.28805E-3
-8.28805E-3
-7.96597E-3
-7.96597E-3
-7.96597E-3
-8.93222E-3
-8.28805E-3
-8.28805E-3
-7.96597E-3
-8.28805E-3
-7.96597E-3
-8.28805E-3
-7.32180E-3
-7.32180E-3
-7.96597E-3
-7.32180E-3
-7.64388E-3
-7.96597E-3
-7.96597E-3
-8.28805E-3
-8.28805E-3
-7.96597E-3
-7.96597E-3
-7.64388E-3
-7.64388E-3
-7.64388E-3
-7.96597E-3
-7.96597E-3
-7.96597E-3
-8.28805E-3
-8.28805E-3
-7.96597E-3
-8.28805E-3
-7.64388E-3
-6.99972E-3
-7.32180E-3
-8.28805E-3
-7.64388E-3
-8.93222E-3
-8.93222E-3
-8.28805E-3
-8.28805E-3
-8.28805E-3
-8.28805E-3
-7.96597E-3
-7.96597E-3
-7.64388E-3
-8.28805E-3
-8.28805E-3
-8.61013E-3
-8.61013E-3
-8.28805E-3
-8.61013E-3
-8.61013E-3
-8.93222E-3
-8.28805E-3
-8.93222E-3
-7.96597E-3
-8.28805E-3
-8.28805E-3
-7.96597E-3
-8.28805E-3
-7.32180E-3
-8.28805E-3
-8.28805E-3
-7.96597E-3
-8.28805E-3
-7.64388E-3
-8.61013E-3
-7.96597E-3
-8.93222E-3
-7.96597E-3
-7.96597E-3
-8.93222E-3
-7.64388E-3
-7.32180E-3
-7.32180E-3
