6.83458E+9
4.61610E+8
-3.76537E-1
0.00000E+0
0.00000E+0
0.00000E+0
5.00000E-7
-1.21530E-2
-8.61013E-3
-7.64388E-3
-7.32180E-3
-6.67763E-3
-7.96597E-3
-7.64388E-3
-8.61013E-3
-8.61013E-3
-7.64388E-3
-7.96597E-3
-8.28805E-3
-7.96597E-3
-7.96597E-3
-8.61013E-3
-7.96597E-3
-8.61013E-3
-8.28805E-3
-8.28805E-3
-8.61013E-3
-8.28805E-3
-8.28805E-3
-8.61013E-3
-7.96597E-3
-8.28805E-3
-8.28805E-3
-7.96597E-3
-8.28805E-3
-7.96597E-3
-8.61013E-3
-8.61013E-3
-7.32180E-3
-4.74513E-3
-4.10097E-3
-5.06722E-3
-9.57638E-3
-1.50518E-2
-1.98830E-2
-2.14935E-2
-2.21376E-2
-2.27818E-2
-2.43922E-2
-2.56805E-2
-2.53585E-2
-2.56805E-2
-2.66468E-2
-2.72910E-2
-2.69689E-2
-2.69689E-2
-2.72910E-2
-2.72910E-2
-2.72910E-2
-2.89014E-2
-2.98676E-2
-2.95455E-2
-2.92235E-2
-2.82572E-2
-2.76130E-2
-2.85793E-2
-2.89014E-2
-2.89014E-2
-2.92235E-2
-2.89014E-2
-2.95455E-2
-2.89014E-2
-2.89014E-2
-2.92235E-2
-2.95455E-2
-2.89014E-2
-2.85793E-2
-2.89014E-2
-2.89014E-2
-2.85793E-2
-2.89014E-2
-2.89014E-2
-2.95455E-2
-2.95455E-2
-2.95455E-2
-2.92235E-2
-2.89014E-2
-2.92235E-2
-2.89014E-2
-2.92235E-2
-2.95455E-2
-2.92235E-2
-2.92235E-2
-2.89014E-2
-2.92235E-2
-2.95455E-2
-2.85793E-2
-2.98676E-2
-2.89014E-2
-2.85793E-2
-2.92235E-2
-2.92235E-2
-2.95455E-2
-2.95455E-2
-2.98676E-2
-2.92235E-2
-2.92235E-2
-2.98676E-2
-2.89014E-2
-2.76130E-2
-2.85793E-2
-2.85793E-2
-2.82572E-2
-2.89014E-2
-2.95455E-2
-2.98676E-2
-2.92235E-2
-2.89014E-2
-2.95455E-2
-2.85793E-2
-2.85793E-2
-2.82572E-2
-2.82572E-2
-2.89014E-2
-2.85793E-2
-2.85793E-2
-2.89014E-2
-2.82572E-2
-2.82572E-2
-2.85793E-2
-2.89014E-2
-2.82572E-2
-2.85793E-2
-2.89014E-2
-2.89014E-2
-2.82572E-2
-2.89014E-2
-2.27818E-2
-2.95455E-2
-2.92235E-2
-2.66468E-2
-2.14935E-2
-1.73064E-2
-1.31193E-2
-1.11868E-2
-1.05426E-2
-9.57638E-3
-1.05426E-2
-8.61013E-3
-8.61013E-3
-7.64388E-3
-6.67763E-3
-7.64388E-3
-7.64388E-3
-7.96597E-3
-7.64388E-3
-6.99972E-3
-6.67763E-3
-6.35555E-3
-8.28805E-3
-7.96597E-3
-8.61013E-3
-7.32180E-3
-6.03347E-3
-6.35555E-3
-6.99972E-3
-7.32180E-3
-7.96597E-3
-6.67763E-3
-6.67763E-3
-6.99972E-3
-6.35555E-3
-6.99972E-3
-6.99972E-3
-7.32180E-3
-6.99972E-3
-6.67763E-3
-6.67763E-3
-6.67763E-3
-6.99972E-3
-2.21376E-2
-8.23672E-2
-1.52581E-1
-2.10556E-1
-2.52427E-1
-2.83669E-1
-3.09114E-1
-3.29083E-1
-3.43577E-1
-3.55816E-1
-3.64512E-1
-3.70632E-1
-3.73208E-1
-3.76751E-1
-3.79328E-1
-3.83193E-1
-3.86092E-1
-3.87702E-1
-3.87702E-1
-3.88990E-1
-3.89313E-1
-3.88990E-1
-3.89635E-1
-3.91245E-1
-3.93178E-1
-3.94466E-1
-3.95110E-1
-3.98653E-1
-3.93178E-1
-3.95110E-1
-3.94466E-1
-3.95754E-1
-3.96398E-1
-3.96076E-1
-3.96720E-1
-3.95432E-1
-3.95754E-1
-3.96720E-1
-3.97365E-1
-3.97365E-1
-3.98009E-1
-3.97365E-1
-3.95754E-1
-3.95432E-1
-3.94466E-1
-3.95432E-1
-3.95110E-1
-3.95110E-1
-3.94466E-1
-3.94144E-1
-3.93500E-1
-3.94144E-1
-3.96076E-1
-3.98009E-1
-3.98009E-1
-3.97043E-1
-3.96720E-1
-3.96398E-1
-3.96076E-1
-3.94466E-1
-3.93822E-1
-3.92211E-1
-3.91889E-1
-3.93178E-1
-3.93822E-1
-3.93178E-1
-3.93822E-1
-3.94144E-1
-3.93500E-1
-3.92855E-1
-3.92855E-1
-3.94144E-1
-3.96720E-1
-3.98009E-1
-3.96720E-1
-3.95110E-1
-3.94788E-1
-3.92211E-1
-3.95754E-1
-3.95110E-1
-3.94788E-1
-3.96076E-1
-3.95110E-1
-3.94466E-1
-3.94788E-1
-3.95432E-1
-3.96076E-1
-3.96076E-1
-3.93500E-1
-3.92855E-1
-3.92533E-1
-3.93500E-1
-3.95432E-1
-3.95432E-1
-3.95754E-1
-3.96076E-1
-3.97687E-1
-3.97687E-1
-3.98009E-1
-3.93822E-1
-3.37779E-1
-2.59835E-1
-1.87688E-1
-1.31646E-1
-9.65389E-2
-7.75359E-2
-6.62630E-2
-5.56343E-2
-4.59718E-2
-3.79197E-2
-3.05118E-2
-2.60026E-2
-2.34260E-2
-2.08493E-2
-1.82726E-2
-1.63401E-2
-1.47297E-2
-1.44076E-2
-1.31193E-2
-1.24751E-2
-1.21530E-2
-1.15089E-2
-1.15089E-2
-1.08647E-2
-1.15089E-2
-1.08647E-2
-1.05426E-2
-1.11868E-2
-1.05426E-2
-1.02205E-2
-1.05426E-2
-9.25430E-3
-9.89847E-3
-1.08647E-2
-1.11868E-2
-9.57638E-3
-9.89847E-3
-9.57638E-3
-9.89847E-3
-1.02205E-2
-9.25430E-3
-9.57638E-3
-9.57638E-3
-9.89847E-3
-9.57638E-3
-1.02205E-2
-9.89847E-3
-9.89847E-3
-9.25430E-3
-9.89847E-3
-9.89847E-3
-9.57638E-3
-9.89847E-3
-9.89847E-3
-9.89847E-3
-9.57638E-3
-9.57638E-3
-9.89847E-3
-9.89847E-3
-9.25430E-3
-9.25430E-3
-9.25430E-3
-9.25430E-3
-9.25430E-3
-9.25430E-3
-9.25430E-3
-9.25430E-3
-8.93222E-3
-9.25430E-3
-8.61013E-3
-8.93222E-3
-8.61013E-3
-8.93222E-3
-8.93222E-3
-8.28805E-3
-8.93222E-3
-9.25430E-3
-7.96597E-3
-9.25430E-3
-9.89847E-3
-9.57638E-3
-1.05426E-2
-9.25430E-3
-7.96597E-3
-8.28805E-3
-9.57638E-3
-9.57638E-3
-8.61013E-3
-8.28805E-3
-8.61013E-3
-8.61013E-3
-8.61013E-3
-9.25430E-3
-8.28805E-3
-8.61013E-3
-8.61013E-3
-8.28805E-3
-7.96597E-3
-8.61013E-3
-7.96597E-3
-7.96597E-3
-8.28805E-3
-8.28805E-3
-7.96597E-3
-8.28805E-3
-8.28805E-3
-8.28805E-3
-7.96597E-3
-7.96597E-3
-7.96597E-3
-8.28805E-3
-9.25430E-3
-7.96597E-3
-8.28805E-3
-7.96597E-3
-8.28805E-3
-8.61013E-3
-8.28805E-3
-8.61013E-3
-7.96597E-3
-8.28805E-3
-7.96597E-3
-7.96597E-3
-8.61013E-3
-7.64388E-3
-7.96597E-3
-7.64388E-3
-8.61013E-3
-7.96597E-3
-7.32180E-3
-6.67763E-3
-6.67763E-3
-7.32180E-3
-7.64388E-3
-8.28805E-3
-7.64388E-3
-6.99972E-3
-7.32180E-3
-7.64388E-3
-7.96597E-3
-6.99972E-3
-7.96597E-3
-7.96597E-3
-8.28805E-3
-7.64388E-3
-6.99972E-3
-6.67763E-3
-6.99972E-3
-8.28805E-3
-7.96597E-3
-7.96597E-3
-7.64388E-3
-7.32180E-3
-7.32180E-3
-8.28805E-3
-7.64388E-3
-8.28805E-3
-7.64388E-3
-7.96597E-3
-7.64388E-3
-7.64388E-3
-7.96597E-3
-7.32180E-3
-7.64388E-3
-8.28805E-3
-7.96597E-3
-8.28805E-3
-7.96597E-3
-7.32180E-3
-6.99972E-3
-7.96597E-3
-7.96597E-3
-8.28805E-3
-8.61013E-3
-9.25430E-3
-8.28805E-3
-7.96597E-3
-7.32180E-3
-7.32180E-3
-8.28805E-3
-7.64388E-3
-9.25430E-3
-8.28805E-3
-7.32180E-3
-6.99972E-3
-7.64388E-3
-8.28805E-3
-7.64388E-3
-8.61013E-3
-7.96597E-3
-7.96597E-3
-8.28805E-3
-7.96597E-3
-8.28805E-3
-7.32180E-3
-7.96597E-3
-7.64388E-3
-8.61013E-3
-8.28805E-3
-8.93222E-3
-7.96597E-3
-7.64388E-3
-7.96597E-3
-7.96597E-3
-7.64388E-3
-7.64388E-3
-7.64388E-3
-7.32180E-3
-7.32180E-3
-7.32180E-3
-7.64388E-3
-7.64388E-3
-7.32180E-3
-7.64388E-3
-8.28805E-3
-7.96597E-3
-8.28805E-3
-7.64388E-3
-7.96597E-3
-7.64388E-3
-7.96597E-3
-8.61013E-3
-8.28805E-3
-8.28805E-3
-7.64388E-3
-8.28805E-3
-8.28805E-3
-8.28805E-3
-8.28805E-3
-8.61013E-3
-7.32180E-3
-6.67763E-3
-6.35555E-3
-7.96597E-3
-7.64388E-3
-7.32180E-3
-7.32180E-3
-7.32180E-3
-7.96597E-3
-8.93222E-3
-7.64388E-3
-8.28805E-3
-8.61013E-3
-7.96597E-3
-8.28805E-3
-8.28805E-3
-7.32180E-3
-7.96597E-3
-7.96597E-3
-7.64388E-3
-7.96597E-3
-7.64388E-3
-8.28805E-3
-8.28805E-3
-8.28805E-3
-7.32180E-3
-7.32180E-3
-7.96597E-3
-8.28805E-3
-7.96597E-3
-7.32180E-3
-7.96597E-3
-7.32180E-3
-7.64388E-3
-8.28805E-3
-7.96597E-3
-8.28805E-3
-7.96597E-3
-7.32180E-3
-7.32180E-3
-6.99972E-3
-7.32180E-3
-7.96597E-3
-8.28805E-3
-8.61013E-3
-7.96597E-3
-7.64388E-3
-6.35555E-3
-6.99972E-3
-8.28805E-3
-8.28805E-3
-8.28805E-3
-8.28805E-3
-7.64388E-3
-7.64388E-3
-8.28805E-3
-8.93222E-3
-8.28805E-3
-7.96597E-3
-8.28805E-3
-8.61013E-3
-8.93222E-3
-8.28805E-3
-7.96597E-3
-8.61013E-3
-8.28805E-3
-9.25430E-3
-8.93222E-3
-8.61013E-3
-7.64388E-3
-7.32180E-3
-8.28805E-3
-7.64388E-3
-8.28805E-3
-7.32180E-3
-7.64388E-3
-8.28805E-3
-8.28805E-3
-8.28805E-3
-7.64388E-3
-7.64388E-3
-8.28805E-3
-7.64388E-3
-8.28805E-3
-7.96597E-3
-7.96597E-3
-7.96597E-3
-7.96597E-3
-8.28805E-3
-8.28805E-3
-8.61013E-3
-8.28805E-3
-8.28805E-3
-7.32180E-3
-7.96597E-3
-6.99972E-3
-8.28805E-3
-8.28805E-3
-7.96597E-3
-8.28805E-3
-7.32180E-3
-7.32180E-3
-7.64388E-3
-8.61013E-3
-8.93222E-3
-8.28805E-3
-7.96597E-3
