6.83523E+9
4.62260E+8
-3.77902E-1
0.00000E+0
0.00000E+0
0.00000E+0
5.00000E-7
-1.15089E-2
-8.93222E-3
-8.61013E-3
-9.25430E-3
-8.93222E-3
-9.57638E-3
-8.28805E-3
-8.93222E-3
-9.25430E-3
-8.61013E-3
-8.61013E-3
-8.28805E-3
-7.96597E-3
-8.61013E-3
-9.25430E-3
-8.61013E-3
-9.25430E-3
-9.25430E-3
-9.25430E-3
-9.57638E-3
-1.05426E-2
-9.25430E-3
-8.93222E-3
-9.25430E-3
-8.61013E-3
-8.28805E-3
-8.93222E-3
-8.61013E-3
-9.25430E-3
-9.25430E-3
-8.93222E-3
-7.96597E-3
-6.03347E-3
-3.45680E-3
-3.13472E-3
-1.27972E-2
-2.27818E-2
-2.76130E-2
-3.11560E-2
-3.18001E-2
-3.24443E-2
-3.37326E-2
-3.53430E-2
-3.69535E-2
-3.63093E-2
-3.72755E-2
-3.75976E-2
-3.82418E-2
-3.88860E-2
-3.88860E-2
-3.92080E-2
-3.92080E-2
-3.92080E-2
-3.92080E-2
-3.95301E-2
-3.95301E-2
-4.01743E-2
-4.01743E-2
-3.95301E-2
-4.01743E-2
-4.01743E-2
-4.01743E-2
-4.14626E-2
-4.04964E-2
-4.08185E-2
-4.14626E-2
-4.11405E-2
-4.11405E-2
-4.08185E-2
-4.08185E-2
-4.11405E-2
-4.04964E-2
-3.95301E-2
-3.95301E-2
-3.95301E-2
-4.04964E-2
-4.01743E-2
-4.04964E-2
-4.01743E-2
-4.04964E-2
-4.01743E-2
-3.98522E-2
-3.95301E-2
-4.24289E-2
-4.27510E-2
-3.82418E-2
-3.92080E-2
-4.01743E-2
-3.95301E-2
-3.98522E-2
-4.04964E-2
-4.08185E-2
-4.08185E-2
-4.04964E-2
-4.01743E-2
-3.92080E-2
-3.95301E-2
-3.98522E-2
-3.95301E-2
-3.98522E-2
-4.04964E-2
-4.04964E-2
-4.04964E-2
-4.08185E-2
-4.04964E-2
-4.01743E-2
-4.04964E-2
-3.98522E-2
-4.01743E-2
-3.95301E-2
-3.92080E-2
-3.98522E-2
-3.98522E-2
-3.92080E-2
-4.01743E-2
-3.98522E-2
-3.92080E-2
-3.98522E-2
-3.92080E-2
-4.01743E-2
-3.92080E-2
-3.98522E-2
-3.98522E-2
-3.98522E-2
-3.98522E-2
-3.95301E-2
-3.92080E-2
-3.85639E-2
-3.98522E-2
-3.92080E-2
-3.40547E-2
-3.92080E-2
-3.92080E-2
-3.56651E-2
-2.66468E-2
-2.18155E-2
-1.79505E-2
-1.50518E-2
-1.53739E-2
-1.37635E-2
-1.27972E-2
-1.11868E-2
-1.08647E-2
-9.25430E-3
-9.25430E-3
-9.89847E-3
-9.25430E-3
-9.25430E-3
-8.61013E-3
-7.96597E-3
-7.96597E-3
-8.61013E-3
-7.96597E-3
-8.61013E-3
-8.61013E-3
-7.96597E-3
-8.93222E-3
-8.28805E-3
-7.32180E-3
-8.28805E-3
-8.61013E-3
-7.32180E-3
-8.28805E-3
-7.64388E-3
-7.96597E-3
-8.28805E-3
-8.61013E-3
-7.64388E-3
-8.28805E-3
-7.96597E-3
-7.96597E-3
-7.32180E-3
-8.28805E-3
-2.43922E-2
-8.52659E-2
-1.55480E-1
-2.09912E-1
-2.52105E-1
-2.85280E-1
-3.11690E-1
-3.31338E-1
-3.43899E-1
-3.54850E-1
-3.65800E-1
-3.72886E-1
-3.72886E-1
-3.80938E-1
-3.83837E-1
-3.85448E-1
-3.87702E-1
-3.90923E-1
-3.94144E-1
-3.95110E-1
-3.94144E-1
-3.92211E-1
-3.90279E-1
-3.90279E-1
-3.92211E-1
-3.93500E-1
-3.94144E-1
-3.95110E-1
-3.93822E-1
-3.95432E-1
-3.97043E-1
-3.98009E-1
-3.97043E-1
-3.97365E-1
-3.96720E-1
-3.97365E-1
-3.97687E-1
-3.97365E-1
-3.96398E-1
-3.96398E-1
-3.96398E-1
-3.95754E-1
-3.95754E-1
-3.97043E-1
-3.96076E-1
-3.95754E-1
-3.96398E-1
-3.96398E-1
-3.95432E-1
-3.94144E-1
-3.95432E-1
-3.96398E-1
-3.96398E-1
-3.96398E-1
-3.97365E-1
-3.98009E-1
-3.97687E-1
-3.97043E-1
-3.95754E-1
-3.95110E-1
-3.92855E-1
-3.92533E-1
-3.97043E-1
-3.95754E-1
-3.95754E-1
-3.95110E-1
-3.94144E-1
-3.94466E-1
-3.94144E-1
-3.95110E-1
-3.95110E-1
-3.96398E-1
-3.96398E-1
-3.96398E-1
-3.97043E-1
-3.97365E-1
-3.96076E-1
-3.97365E-1
-3.96720E-1
-3.97365E-1
-3.97365E-1
-3.98331E-1
-3.98009E-1
-3.99297E-1
-3.99941E-1
-3.98653E-1
-3.97043E-1
-3.98009E-1
-3.98009E-1
-3.98009E-1
-3.98009E-1
-3.99619E-1
-3.98653E-1
-3.98331E-1
-3.98009E-1
-3.98331E-1
-3.98009E-1
-3.96720E-1
-3.97043E-1
-3.92533E-1
-3.35847E-1
-2.58869E-1
-1.86722E-1
-1.31646E-1
-9.71830E-2
-7.88243E-2
-6.62630E-2
-5.69226E-2
-4.72601E-2
-3.85639E-2
-3.46989E-2
-3.05118E-2
-2.37480E-2
-2.18155E-2
-1.95610E-2
-1.69843E-2
-1.56960E-2
-1.50518E-2
-1.50518E-2
-1.44076E-2
-1.34414E-2
-1.27972E-2
-1.31193E-2
-1.37635E-2
-1.34414E-2
-1.24751E-2
-1.21530E-2
-1.27972E-2
-1.18310E-2
-1.27972E-2
-1.24751E-2
-1.24751E-2
-1.27972E-2
-1.18310E-2
-1.15089E-2
-1.18310E-2
-1.24751E-2
-1.24751E-2
-1.24751E-2
-1.24751E-2
-1.21530E-2
-1.21530E-2
-1.18310E-2
-1.18310E-2
-1.18310E-2
-1.15089E-2
-1.18310E-2
-1.21530E-2
-1.18310E-2
-1.18310E-2
-1.18310E-2
-1.18310E-2
-1.15089E-2
-1.15089E-2
-1.11868E-2
-1.18310E-2
-1.05426E-2
-1.08647E-2
-1.05426E-2
-1.11868E-2
-9.89847E-3
-6.99972E-3
-1.11868E-2
-1.18310E-2
-1.24751E-2
-1.24751E-2
-1.18310E-2
-1.05426E-2
-1.05426E-2
-1.15089E-2
-1.11868E-2
-1.11868E-2
-1.11868E-2
-1.08647E-2
-1.05426E-2
-1.05426E-2
-1.02205E-2
-1.02205E-2
-9.57638E-3
-9.57638E-3
-9.57638E-3
-1.02205E-2
-1.02205E-2
-1.05426E-2
-1.02205E-2
-9.89847E-3
-9.89847E-3
-1.02205E-2
-1.02205E-2
-9.89847E-3
-1.02205E-2
-1.05426E-2
-1.05426E-2
-9.57638E-3
-1.02205E-2
-9.89847E-3
-1.08647E-2
-1.05426E-2
-1.05426E-2
-1.02205E-2
-9.57638E-3
-9.89847E-3
-1.02205E-2
-9.89847E-3
-9.89847E-3
-1.08647E-2
-1.08647E-2
-9.89847E-3
-9.57638E-3
-9.57638E-3
-1.31193E-2
-1.24751E-2
-7.96597E-3
-8.61013E-3
-9.57638E-3
-8.93222E-3
-9.25430E-3
-9.89847E-3
-9.89847E-3
-1.05426E-2
-9.89847E-3
-9.89847E-3
-8.93222E-3
-9.89847E-3
-9.57638E-3
-9.89847E-3
-9.57638E-3
-8.93222E-3
-9.25430E-3
-9.89847E-3
-9.57638E-3
-9.25430E-3
-9.25430E-3
-9.89847E-3
-9.57638E-3
-9.57638E-3
-9.89847E-3
-8.93222E-3
-9.25430E-3
-9.25430E-3
-9.25430E-3
-1.02205E-2
-9.25430E-3
-8.93222E-3
-1.02205E-2
-1.02205E-2
-9.57638E-3
-9.89847E-3
-9.57638E-3
-9.89847E-3
-9.57638E-3
-9.25430E-3
-9.25430E-3
-9.57638E-3
-9.57638E-3
-9.57638E-3
-8.93222E-3
-8.61013E-3
-8.93222E-3
-7.96597E-3
-7.32180E-3
-6.03347E-3
-8.61013E-3
-1.05426E-2
-1.08647E-2
-1.05426E-2
-9.89847E-3
-8.93222E-3
-8.61013E-3
-9.89847E-3
-9.25430E-3
-8.93222E-3
-9.25430E-3
-1.02205E-2
-9.25430E-3
-9.57638E-3
-9.25430E-3
-9.57638E-3
-9.57638E-3
-9.25430E-3
-9.57638E-3
-9.25430E-3
-8.61013E-3
-8.28805E-3
-8.93222E-3
-9.25430E-3
-9.25430E-3
-8.93222E-3
-9.57638E-3
-8.61013E-3
-9.57638E-3
-8.61013E-3
-9.89847E-3
-9.25430E-3
-9.57638E-3
-9.25430E-3
-8.93222E-3
-9.57638E-3
-7.96597E-3
-8.61013E-3
-8.93222E-3
-8.93222E-3
-8.61013E-3
-9.57638E-3
-8.61013E-3
-9.25430E-3
-9.25430E-3
-9.25430E-3
-9.57638E-3
-9.57638E-3
-1.18310E-2
-1.15089E-2
-7.64388E-3
-7.96597E-3
-9.57638E-3
-8.61013E-3
-8.61013E-3
-9.25430E-3
-1.02205E-2
-9.57638E-3
-8.93222E-3
-8.61013E-3
-8.61013E-3
-8.93222E-3
-8.93222E-3
-9.25430E-3
-8.93222E-3
-9.25430E-3
-8.93222E-3
-9.25430E-3
-8.61013E-3
-9.25430E-3
-8.93222E-3
-7.96597E-3
-8.93222E-3
-8.28805E-3
-8.61013E-3
-7.96597E-3
-8.28805E-3
-8.28805E-3
-8.61013E-3
-8.61013E-3
-8.61013E-3
-8.61013E-3
-8.61013E-3
-9.25430E-3
-8.61013E-3
-8.61013E-3
-8.61013E-3
-8.61013E-3
-9.25430E-3
-8.28805E-3
-8.28805E-3
-7.64388E-3
-8.61013E-3
-8.61013E-3
-8.28805E-3
-8.61013E-3
-8.61013E-3
-9.25430E-3
-7.64388E-3
-5.71138E-3
-8.28805E-3
-9.57638E-3
-8.93222E-3
-9.25430E-3
-9.57638E-3
-8.61013E-3
-8.28805E-3
-8.61013E-3
-9.25430E-3
-8.93222E-3
-9.25430E-3
-8.61013E-3
-8.61013E-3
-9.25430E-3
-9.57638E-3
-9.25430E-3
-8.28805E-3
-8.93222E-3
-9.25430E-3
-8.61013E-3
-8.28805E-3
-9.25430E-3
-9.57638E-3
-8.28805E-3
-8.61013E-3
-8.61013E-3
-9.25430E-3
-8.93222E-3
-9.25430E-3
-9.57638E-3
-8.61013E-3
-8.93222E-3
-8.28805E-3
-8.93222E-3
-8.28805E-3
-9.57638E-3
-9.57638E-3
-9.89847E-3
-9.25430E-3
-9.89847E-3
-9.57638E-3
-9.25430E-3
-9.89847E-3
-9.57638E-3
-9.57638E-3
-8.61013E-3
-8.93222E-3
-8.28805E-3
-1.11868E-2
-1.08647E-2
-7.32180E-3
-7.96597E-3
-8.93222E-3
-7.96597E-3
-8.28805E-3
-9.25430E-3
-9.89847E-3
-8.28805E-3
-8.61013E-3
-8.28805E-3
-8.28805E-3
-8.28805E-3
-8.61013E-3
-8.61013E-3
-8.93222E-3
-9.25430E-3
-8.93222E-3
-9.25430E-3
-9.57638E-3
-9.57638E-3
-8.93222E-3
-9.25430E-3
-9.25430E-3
-9.25430E-3
-8.61013E-3
