6.83473E+9
4.61760E+8
-4.13735E-1
0.00000E+0
0.00000E+0
0.00000E+0
5.00000E-7
-1.18310E-2
-8.28805E-3
-8.28805E-3
-7.32180E-3
-8.28805E-3
-8.61013E-3
-7.32180E-3
-7.64388E-3
-7.32180E-3
-7.96597E-3
-8.61013E-3
-8.28805E-3
-7.64388E-3
-7.96597E-3
-7.64388E-3
-8.28805E-3
-9.25430E-3
-7.96597E-3
-7.96597E-3
-7.64388E-3
-7.96597E-3
-7.96597E-3
-8.28805E-3
-8.93222E-3
-7.96597E-3
-8.93222E-3
-9.25430E-3
-8.93222E-3
-9.25430E-3
-8.61013E-3
-9.25430E-3
-6.99972E-3
-5.71138E-3
-3.77888E-3
-5.06722E-3
-8.61013E-3
-1.92389E-2
-2.34260E-2
-1.98830E-2
-1.82726E-2
-2.02051E-2
-2.27818E-2
-2.37480E-2
-2.47143E-2
-2.47143E-2
-2.47143E-2
-2.56805E-2
-2.53585E-2
-2.60026E-2
-2.53585E-2
-2.69689E-2
-2.60026E-2
-2.76130E-2
-2.72910E-2
-2.72910E-2
-2.69689E-2
-2.69689E-2
-2.72910E-2
-2.69689E-2
-2.72910E-2
-2.72910E-2
-2.76130E-2
-2.79351E-2
-2.82572E-2
-2.69689E-2
-2.76130E-2
-2.69689E-2
-2.69689E-2
-2.76130E-2
-2.63247E-2
-2.72910E-2
-2.72910E-2
-2.69689E-2
-2.66468E-2
-2.69689E-2
-2.72910E-2
-2.82572E-2
-2.76130E-2
-2.69689E-2
-2.66468E-2
-2.69689E-2
-2.69689E-2
-2.76130E-2
-2.72910E-2
-2.69689E-2
-2.72910E-2
-2.66468E-2
-2.40701E-2
-2.40701E-2
-2.92235E-2
-2.85793E-2
-2.79351E-2
-2.72910E-2
-2.63247E-2
-2.82572E-2
-2.89014E-2
-2.82572E-2
-2.79351E-2
-2.79351E-2
-2.76130E-2
-2.79351E-2
-2.69689E-2
-2.79351E-2
-2.72910E-2
-2.79351E-2
-2.79351E-2
-2.69689E-2
-2.79351E-2
-2.72910E-2
-2.72910E-2
-2.69689E-2
-2.76130E-2
-2.66468E-2
-2.69689E-2
-2.76130E-2
-2.76130E-2
-2.82572E-2
-2.72910E-2
-2.79351E-2
-2.76130E-2
-2.69689E-2
-2.69689E-2
-2.76130E-2
-2.72910E-2
-2.66468E-2
-2.72910E-2
-2.69689E-2
-2.69689E-2
-2.69689E-2
-2.69689E-2
-2.31039E-2
-2.76130E-2
-2.76130E-2
-2.53585E-2
-2.08493E-2
-1.66622E-2
-1.85947E-2
-1.69843E-2
-9.89847E-3
-8.61013E-3
-9.57638E-3
-9.89847E-3
-9.25430E-3
-8.28805E-3
-7.96597E-3
-7.32180E-3
-7.96597E-3
-7.32180E-3
-7.64388E-3
-7.96597E-3
-7.96597E-3
-7.64388E-3
-7.64388E-3
-7.96597E-3
-8.28805E-3
-8.28805E-3
-7.64388E-3
-7.96597E-3
-6.99972E-3
-8.28805E-3
-7.32180E-3
-7.32180E-3
-7.32180E-3
-7.64388E-3
-6.99972E-3
-7.32180E-3
-7.96597E-3
-6.99972E-3
-7.96597E-3
-7.96597E-3
-7.96597E-3
-6.99972E-3
-7.32180E-3
-2.50364E-2
-8.97751E-2
-1.64821E-1
-2.27305E-1
-2.73363E-1
-3.07503E-1
-3.34880E-1
-3.55816E-1
-3.72886E-1
-3.85125E-1
-3.94466E-1
-4.02518E-1
-4.08638E-1
-4.12180E-1
-4.15401E-1
-4.15401E-1
-4.21199E-1
-4.26030E-1
-4.26030E-1
-4.24742E-1
-4.25708E-1
-4.27318E-1
-4.29251E-1
-4.28285E-1
-4.27318E-1
-4.28929E-1
-4.30539E-1
-4.34082E-1
-4.33116E-1
-4.32472E-1
-4.32150E-1
-4.32794E-1
-4.33438E-1
-4.32150E-1
-4.31828E-1
-4.31505E-1
-4.31505E-1
-4.32150E-1
-4.33116E-1
-4.33116E-1
-4.33760E-1
-4.33438E-1
-4.33438E-1
-4.34404E-1
-4.33760E-1
-4.35048E-1
-4.33760E-1
-4.33116E-1
-4.32150E-1
-4.32150E-1
-4.34404E-1
-4.34726E-1
-4.35048E-1
-4.33760E-1
-4.33116E-1
-4.32150E-1
-4.31828E-1
-4.31505E-1
-4.29251E-1
-4.28285E-1
-4.29251E-1
-4.29251E-1
-4.30861E-1
-4.36337E-1
-4.36015E-1
-4.29573E-1
-4.28607E-1
-4.30217E-1
-4.30539E-1
-4.30539E-1
-4.30539E-1
-4.31828E-1
-4.32150E-1
-4.33438E-1
-4.33760E-1
-4.35370E-1
-4.35048E-1
-4.36015E-1
-4.35048E-1
-4.34404E-1
-4.34404E-1
-4.33438E-1
-4.32472E-1
-4.34082E-1
-4.33116E-1
-4.32472E-1
-4.31828E-1
-4.30539E-1
-4.29895E-1
-4.29895E-1
-4.31828E-1
-4.31183E-1
-4.31183E-1
-4.31505E-1
-4.31505E-1
-4.30217E-1
-4.29573E-1
-4.32150E-1
-4.31505E-1
-4.25064E-1
-3.62902E-1
-2.78516E-1
-2.00894E-1
-1.41953E-1
-1.03625E-1
-8.30114E-2
-7.07722E-2
-5.91772E-2
-4.88705E-2
-3.95301E-2
-3.30885E-2
-2.82572E-2
-2.53585E-2
-2.18155E-2
-1.76285E-2
-1.60180E-2
-1.69843E-2
-1.73064E-2
-1.56960E-2
-1.47297E-2
-1.24751E-2
-1.31193E-2
-1.31193E-2
-1.31193E-2
-1.21530E-2
-1.21530E-2
-1.21530E-2
-1.18310E-2
-1.21530E-2
-1.15089E-2
-1.08647E-2
-1.11868E-2
-1.08647E-2
-1.18310E-2
-1.11868E-2
-1.08647E-2
-1.15089E-2
-1.11868E-2
-1.08647E-2
-1.11868E-2
-1.05426E-2
-9.57638E-3
-9.89847E-3
-1.05426E-2
-9.57638E-3
-9.57638E-3
-9.57638E-3
-9.57638E-3
-9.57638E-3
-9.89847E-3
-9.89847E-3
-1.02205E-2
-9.57638E-3
-9.57638E-3
-9.89847E-3
-9.89847E-3
-9.25430E-3
-8.93222E-3
-9.89847E-3
-9.57638E-3
-9.25430E-3
-9.57638E-3
-8.61013E-3
-1.40855E-2
-1.44076E-2
-8.61013E-3
-6.03347E-3
-8.28805E-3
-8.61013E-3
-9.57638E-3
-9.57638E-3
-9.25430E-3
-8.93222E-3
-8.93222E-3
-9.25430E-3
-8.28805E-3
-9.25430E-3
-8.93222E-3
-8.93222E-3
-8.93222E-3
-9.25430E-3
-9.25430E-3
-8.93222E-3
-9.57638E-3
-9.25430E-3
-8.61013E-3
-9.25430E-3
-8.93222E-3
-8.28805E-3
-7.96597E-3
-7.64388E-3
-9.25430E-3
-7.64388E-3
-7.96597E-3
-8.61013E-3
-8.93222E-3
-8.28805E-3
-7.64388E-3
-7.96597E-3
-7.32180E-3
-7.32180E-3
-8.61013E-3
-7.64388E-3
-7.64388E-3
-8.28805E-3
-7.64388E-3
-8.61013E-3
-8.61013E-3
-8.61013E-3
-8.93222E-3
-8.28805E-3
-8.61013E-3
-8.93222E-3
-8.28805E-3
-5.71138E-3
-6.35555E-3
-1.02205E-2
-1.05426E-2
-9.89847E-3
-8.61013E-3
-7.64388E-3
-7.96597E-3
-8.61013E-3
-8.93222E-3
-9.25430E-3
-8.61013E-3
-8.61013E-3
-8.61013E-3
-7.96597E-3
-8.61013E-3
-8.61013E-3
-8.93222E-3
-7.64388E-3
-8.93222E-3
-8.61013E-3
-8.93222E-3
-8.28805E-3
-8.61013E-3
-9.25430E-3
-8.93222E-3
-8.28805E-3
-8.28805E-3
-7.96597E-3
-8.61013E-3
-8.93222E-3
-8.61013E-3
-8.28805E-3
-8.28805E-3
-8.28805E-3
-7.96597E-3
-7.96597E-3
-7.96597E-3
-7.96597E-3
-7.96597E-3
-7.64388E-3
-7.64388E-3
-8.28805E-3
-8.28805E-3
-7.64388E-3
-7.64388E-3
-8.28805E-3
-8.61013E-3
-8.61013E-3
-1.31193E-2
-1.40855E-2
-7.64388E-3
-5.71138E-3
-5.71138E-3
-6.35555E-3
-7.32180E-3
-7.32180E-3
-6.99972E-3
-7.64388E-3
-6.99972E-3
-7.64388E-3
-6.67763E-3
-7.96597E-3
-7.32180E-3
-7.32180E-3
-6.99972E-3
-6.99972E-3
-6.67763E-3
-6.67763E-3
-6.99972E-3
-6.67763E-3
-6.35555E-3
-7.32180E-3
-7.64388E-3
-6.99972E-3
-7.32180E-3
-6.99972E-3
-7.32180E-3
-7.32180E-3
-7.64388E-3
-7.32180E-3
-7.64388E-3
-7.96597E-3
-8.28805E-3
-7.64388E-3
-7.64388E-3
-7.64388E-3
-7.64388E-3
-7.96597E-3
-7.32180E-3
-7.96597E-3
-7.96597E-3
-7.64388E-3
-8.28805E-3
-8.28805E-3
-7.96597E-3
-7.64388E-3
-7.96597E-3
-7.64388E-3
-6.99972E-3
-3.77888E-3
-5.38930E-3
-9.57638E-3
-8.93222E-3
-9.25430E-3
-8.28805E-3
-7.64388E-3
-7.96597E-3
-7.96597E-3
-7.32180E-3
-7.96597E-3
-8.28805E-3
-8.28805E-3
-8.28805E-3
-7.96597E-3
-7.96597E-3
-8.61013E-3
-7.64388E-3
-7.64388E-3
-8.28805E-3
-7.96597E-3
-7.96597E-3
-8.28805E-3
-7.96597E-3
-8.28805E-3
-7.64388E-3
-7.96597E-3
-8.28805E-3
-7.32180E-3
-8.61013E-3
-7.96597E-3
-7.32180E-3
-8.28805E-3
-7.32180E-3
-7.96597E-3
-7.32180E-3
-7.32180E-3
-7.64388E-3
-7.64388E-3
-7.96597E-3
-6.99972E-3
-7.32180E-3
-7.64388E-3
-6.99972E-3
-6.99972E-3
-7.32180E-3
-7.32180E-3
-7.96597E-3
-7.32180E-3
-1.24751E-2
-1.34414E-2
-7.64388E-3
-6.35555E-3
-5.71138E-3
-7.32180E-3
-8.28805E-3
-6.99972E-3
-6.99972E-3
-7.64388E-3
-7.96597E-3
-7.64388E-3
-7.96597E-3
-7.32180E-3
-7.64388E-3
-7.64388E-3
-7.64388E-3
-7.64388E-3
-8.61013E-3
-8.61013E-3
-8.28805E-3
-7.32180E-3
-7.64388E-3
-7.64388E-3
-7.96597E-3
-8.28805E-3
-7.96597E-3
-7.96597E-3
-7.64388E-3
-8.28805E-3
-8.28805E-3
-8.28805E-3
-7.64388E-3
-7.96597E-3
-7.32180E-3
-7.64388E-3
-7.96597E-3
-7.96597E-3
-7.96597E-3
-7.96597E-3
-7.96597E-3
-7.64388E-3
-7.64388E-3
-8.28805E-3
-8.61013E-3
-7.96597E-3
-7.96597E-3
-7.64388E-3
-6.99972E-3
-7.32180E-3
-6.67763E-3
-3.13472E-3
-4.74513E-3
-9.25430E-3
-8.93222E-3
-8.93222E-3
-7.64388E-3
-7.64388E-3
-7.64388E-3
-8.28805E-3
-8.28805E-3
-7.96597E-3
-7.64388E-3
-7.96597E-3
-7.96597E-3
-7.96597E-3
-7.64388E-3
-7.96597E-3
-8.28805E-3
-7.32180E-3
-7.32180E-3
-7.64388E-3
-6.99972E-3
-6.99972E-3
