6.83496E+9
4.61990E+8
-3.80960E-1
0.00000E+0
0.00000E+0
0.00000E+0
5.00000E-7
-1.15089E-2
-8.28805E-3
-8.61013E-3
-8.61013E-3
-9.25430E-3
-9.25430E-3
-8.61013E-3
-8.28805E-3
-7.96597E-3
-8.28805E-3
-8.61013E-3
-8.28805E-3
-7.64388E-3
-7.96597E-3
-7.32180E-3
-7.32180E-3
-7.96597E-3
-7.64388E-3
-7.96597E-3
-8.28805E-3
-7.96597E-3
-7.96597E-3
-7.96597E-3
-7.96597E-3
-7.64388E-3
-7.96597E-3
-7.64388E-3
-7.96597E-3
-8.28805E-3
-7.96597E-3
-6.99972E-3
-6.99972E-3
-5.71138E-3
-4.10097E-3
-7.96597E-3
-1.95610E-2
-3.88860E-2
-4.08185E-2
-3.98522E-2
-4.30730E-2
-4.53276E-2
-4.85485E-2
-5.01589E-2
-5.08030E-2
-5.20914E-2
-5.24135E-2
-5.33797E-2
-5.37018E-2
-5.37018E-2
-5.46680E-2
-5.49901E-2
-5.53122E-2
-5.46680E-2
-5.53122E-2
-5.56343E-2
-5.53122E-2
-5.46680E-2
-5.49901E-2
-5.53122E-2
-5.53122E-2
-5.53122E-2
-5.59564E-2
-5.62785E-2
-5.62785E-2
-5.69226E-2
-5.66005E-2
-5.62785E-2
-5.53122E-2
-5.53122E-2
-5.49901E-2
-5.49901E-2
-5.46680E-2
-5.49901E-2
-5.53122E-2
-5.49901E-2
-5.53122E-2
-5.53122E-2
-5.53122E-2
-5.56343E-2
-5.59564E-2
-5.62785E-2
-5.53122E-2
-5.43460E-2
-5.46680E-2
-5.43460E-2
-5.43460E-2
-4.72601E-2
-5.17693E-2
-5.69226E-2
-5.56343E-2
-5.49901E-2
-5.37018E-2
-5.40239E-2
-5.53122E-2
-5.46680E-2
-5.43460E-2
-5.33797E-2
-5.40239E-2
-5.37018E-2
-5.43460E-2
-5.43460E-2
-5.43460E-2
-5.43460E-2
-5.40239E-2
-5.40239E-2
-5.40239E-2
-5.37018E-2
-5.46680E-2
-5.37018E-2
-5.46680E-2
-5.40239E-2
-5.40239E-2
-5.40239E-2
-5.43460E-2
-5.37018E-2
-5.33797E-2
-5.33797E-2
-5.43460E-2
-5.33797E-2
-5.46680E-2
-5.43460E-2
-5.46680E-2
-5.37018E-2
-5.37018E-2
-5.27355E-2
-5.33797E-2
-5.30576E-2
-5.33797E-2
-5.27355E-2
-5.24135E-2
-4.82264E-2
-5.40239E-2
-5.43460E-2
-4.82264E-2
-3.88860E-2
-2.79351E-2
-2.79351E-2
-1.92389E-2
-1.37635E-2
-1.24751E-2
-1.27972E-2
-1.21530E-2
-1.05426E-2
-8.61013E-3
-7.96597E-3
-8.28805E-3
-7.96597E-3
-7.64388E-3
-6.67763E-3
-6.99972E-3
-7.32180E-3
-7.96597E-3
-8.28805E-3
-7.64388E-3
-7.64388E-3
-7.64388E-3
-7.64388E-3
-6.99972E-3
-7.32180E-3
-6.67763E-3
-7.64388E-3
-7.32180E-3
-6.99972E-3
-7.32180E-3
-8.28805E-3
-7.96597E-3
-7.64388E-3
-7.64388E-3
-6.99972E-3
-7.64388E-3
-7.96597E-3
-7.32180E-3
-7.32180E-3
-2.66468E-2
-8.97751E-2
-1.60956E-1
-2.15710E-1
-2.56292E-1
-2.87212E-1
-3.11368E-1
-3.30693E-1
-3.44221E-1
-3.54850E-1
-3.63868E-1
-3.71920E-1
-3.76429E-1
-3.74497E-1
-3.85448E-1
-3.93822E-1
-3.94466E-1
-3.94466E-1
-3.93822E-1
-3.92533E-1
-3.93500E-1
-3.93822E-1
-3.94788E-1
-3.95432E-1
-3.96398E-1
-3.96720E-1
-3.97365E-1
-3.99619E-1
-3.99297E-1
-3.99941E-1
-3.99297E-1
-3.99297E-1
-3.99297E-1
-3.99619E-1
-4.00908E-1
-4.02196E-1
-4.00908E-1
-4.00263E-1
-3.98975E-1
-3.97687E-1
-3.97365E-1
-3.97365E-1
-3.98331E-1
-3.98331E-1
-3.98331E-1
-3.98009E-1
-3.96398E-1
-3.97687E-1
-3.96720E-1
-3.98009E-1
-3.97687E-1
-3.97365E-1
-3.98009E-1
-3.99297E-1
-3.99297E-1
-3.98975E-1
-3.99619E-1
-4.00908E-1
-4.00908E-1
-4.02840E-1
-4.02196E-1
-4.01552E-1
-3.99297E-1
-4.05417E-1
-3.98331E-1
-3.93500E-1
-3.97365E-1
-3.97687E-1
-3.99297E-1
-3.97043E-1
-3.97687E-1
-3.98653E-1
-4.00263E-1
-4.00585E-1
-4.00263E-1
-3.99297E-1
-4.01230E-1
-4.02840E-1
-4.02840E-1
-4.02840E-1
-4.02196E-1
-4.00908E-1
-4.00263E-1
-3.99941E-1
-3.99941E-1
-3.98975E-1
-3.99619E-1
-4.00263E-1
-3.99941E-1
-3.99619E-1
-4.00263E-1
-4.00263E-1
-3.99619E-1
-4.00908E-1
-4.00263E-1
-3.99297E-1
-3.98653E-1
-3.98653E-1
-3.98975E-1
-3.93178E-1
-3.34558E-1
-2.57258E-1
-1.85434E-1
-1.30680E-1
-9.58947E-2
-7.62476E-2
-6.56189E-2
-5.56343E-2
-4.56497E-2
-3.75976E-2
-3.08339E-2
-2.63247E-2
-2.27818E-2
-1.27972E-2
-1.60180E-2
-1.85947E-2
-1.69843E-2
-1.50518E-2
-1.34414E-2
-1.37635E-2
-1.37635E-2
-1.27972E-2
-1.27972E-2
-1.21530E-2
-1.21530E-2
-1.11868E-2
-1.08647E-2
-1.05426E-2
-1.21530E-2
-1.11868E-2
-1.11868E-2
-1.15089E-2
-1.08647E-2
-1.24751E-2
-1.21530E-2
-1.15089E-2
-1.08647E-2
-1.15089E-2
-1.15089E-2
-1.15089E-2
-1.11868E-2
-1.15089E-2
-1.11868E-2
-1.08647E-2
-1.08647E-2
-1.08647E-2
-1.18310E-2
-1.08647E-2
-1.05426E-2
-1.05426E-2
-1.02205E-2
-1.08647E-2
-1.08647E-2
-9.89847E-3
-9.89847E-3
-9.89847E-3
-9.89847E-3
-1.02205E-2
-1.02205E-2
-1.05426E-2
-9.57638E-3
-9.25430E-3
-9.57638E-3
-1.69843E-2
-1.08647E-2
-7.64388E-3
-8.93222E-3
-8.93222E-3
-9.57638E-3
-9.25430E-3
-9.25430E-3
-9.57638E-3
-9.89847E-3
-1.02205E-2
-9.25430E-3
-9.25430E-3
-9.25430E-3
-9.89847E-3
-9.25430E-3
-9.25430E-3
-8.93222E-3
-9.89847E-3
-9.25430E-3
-1.02205E-2
-9.57638E-3
-9.89847E-3
-9.57638E-3
-1.02205E-2
-9.57638E-3
-1.02205E-2
-9.57638E-3
-8.93222E-3
-9.89847E-3
-9.25430E-3
-9.89847E-3
-1.02205E-2
-9.89847E-3
-9.57638E-3
-9.89847E-3
-9.57638E-3
-8.93222E-3
-9.57638E-3
-9.57638E-3
-9.57638E-3
-8.61013E-3
-9.25430E-3
-9.25430E-3
-9.57638E-3
-9.57638E-3
-9.57638E-3
-7.96597E-3
-9.25430E-3
-9.25430E-3
-2.49055E-3
-6.35555E-3
-1.08647E-2
-1.02205E-2
-8.93222E-3
-8.28805E-3
-7.96597E-3
-9.25430E-3
-9.25430E-3
-8.93222E-3
-8.28805E-3
-8.28805E-3
-7.96597E-3
-8.93222E-3
-8.28805E-3
-8.28805E-3
-8.61013E-3
-8.28805E-3
-8.61013E-3
-8.28805E-3
-8.61013E-3
-7.64388E-3
-8.28805E-3
-8.28805E-3
-8.61013E-3
-7.96597E-3
-8.61013E-3
-8.61013E-3
-7.96597E-3
-7.96597E-3
-8.61013E-3
-8.28805E-3
-8.28805E-3
-8.28805E-3
-8.61013E-3
-8.61013E-3
-9.25430E-3
-8.28805E-3
-8.28805E-3
-8.93222E-3
-8.93222E-3
-8.28805E-3
-8.28805E-3
-8.28805E-3
-8.28805E-3
-8.61013E-3
-7.96597E-3
-8.61013E-3
-7.64388E-3
-7.64388E-3
-1.47297E-2
-9.57638E-3
-6.03347E-3
-5.71138E-3
-6.99972E-3
-7.96597E-3
-8.28805E-3
-7.96597E-3
-8.28805E-3
-8.28805E-3
-8.28805E-3
-7.32180E-3
-7.64388E-3
-7.64388E-3
-7.64388E-3
-7.96597E-3
-8.28805E-3
-7.32180E-3
-7.96597E-3
-7.96597E-3
-8.28805E-3
-7.96597E-3
-8.61013E-3
-8.28805E-3
-8.28805E-3
-8.61013E-3
-7.96597E-3
-7.96597E-3
-8.28805E-3
-8.61013E-3
-8.61013E-3
-9.25430E-3
-8.28805E-3
-8.61013E-3
-8.61013E-3
-8.61013E-3
-7.96597E-3
-8.28805E-3
-8.61013E-3
-8.28805E-3
-8.61013E-3
-7.64388E-3
-8.61013E-3
-7.64388E-3
-7.96597E-3
-8.61013E-3
-8.61013E-3
-8.93222E-3
-8.61013E-3
-7.96597E-3
-5.58051E-4
-6.35555E-3
-1.08647E-2
-1.02205E-2
-9.25430E-3
-8.28805E-3
-7.96597E-3
-8.61013E-3
-9.25430E-3
-8.28805E-3
-7.64388E-3
-7.96597E-3
-7.96597E-3
-8.28805E-3
-7.64388E-3
-8.28805E-3
-8.28805E-3
-7.64388E-3
-8.61013E-3
-7.96597E-3
-7.64388E-3
-8.61013E-3
-7.96597E-3
-7.64388E-3
-8.28805E-3
-7.64388E-3
-8.28805E-3
-7.64388E-3
-7.96597E-3
-7.32180E-3
-7.64388E-3
-6.99972E-3
-7.64388E-3
-7.64388E-3
-7.96597E-3
-7.64388E-3
-7.32180E-3
-7.64388E-3
-7.96597E-3
-8.28805E-3
-7.32180E-3
-7.32180E-3
-7.64388E-3
-7.32180E-3
-7.96597E-3
-8.28805E-3
-8.28805E-3
-7.64388E-3
-8.28805E-3
-7.96597E-3
-1.56960E-2
-1.02205E-2
-5.71138E-3
-6.99972E-3
-7.32180E-3
-8.28805E-3
-8.28805E-3
-7.96597E-3
-7.64388E-3
-7.96597E-3
-8.61013E-3
-8.28805E-3
-7.96597E-3
-8.61013E-3
-8.61013E-3
-8.28805E-3
-8.28805E-3
-7.64388E-3
-8.61013E-3
-8.93222E-3
-8.61013E-3
-8.28805E-3
-8.61013E-3
-8.28805E-3
-8.28805E-3
-8.28805E-3
-7.32180E-3
-7.96597E-3
-7.96597E-3
-7.64388E-3
-7.32180E-3
-6.99972E-3
-7.64388E-3
-7.64388E-3
-8.28805E-3
-8.28805E-3
-8.61013E-3
-8.61013E-3
-7.96597E-3
-6.99972E-3
-7.32180E-3
-7.32180E-3
-7.64388E-3
-7.64388E-3
-8.61013E-3
-7.32180E-3
-8.28805E-3
-8.28805E-3
-8.28805E-3
-7.64388E-3
-8.80135E-4
-6.03347E-3
-9.89847E-3
-1.02205E-2
-7.96597E-3
-7.96597E-3
-7.96597E-3
-8.61013E-3
-8.28805E-3
-7.96597E-3
-7.96597E-3
-7.96597E-3
-8.28805E-3
-8.28805E-3
-7.32180E-3
-7.64388E-3
-7.32180E-3
-7.96597E-3
-7.64388E-3
-7.32180E-3
-7.32180E-3
-7.32180E-3
-7.64388E-3
-7.96597E-3
