6.83411E+9
4.61140E+8
-3.01251E-1
0.00000E+0
0.00000E+0
0.00000E+0
5.00000E-7
-1.27972E-2
-8.28805E-3
-8.28805E-3
-8.28805E-3
-8.61013E-3
-9.25430E-3
-8.28805E-3
-8.93222E-3
-8.93222E-3
-8.28805E-3
-8.93222E-3
-7.96597E-3
-9.25430E-3
-8.61013E-3
-8.93222E-3
-8.61013E-3
-8.93222E-3
-7.96597E-3
-8.28805E-3
-8.28805E-3
-8.93222E-3
-7.64388E-3
-8.61013E-3
-7.96597E-3
-8.61013E-3
-8.61013E-3
-8.28805E-3
-8.28805E-3
-8.28805E-3
-7.96597E-3
-7.64388E-3
-7.64388E-3
-5.38930E-3
-4.10097E-3
-5.38930E-3
-1.02205E-2
-1.50518E-2
-1.95610E-2
-2.14935E-2
-2.24597E-2
-2.37480E-2
-2.43922E-2
-2.50364E-2
-2.56805E-2
-2.69689E-2
-2.72910E-2
-2.72910E-2
-2.79351E-2
-2.72910E-2
-2.85793E-2
-2.85793E-2
-2.82572E-2
-2.82572E-2
-2.82572E-2
-2.85793E-2
-2.95455E-2
-2.89014E-2
-2.98676E-2
-2.89014E-2
-2.95455E-2
-2.89014E-2
-2.92235E-2
-2.98676E-2
-2.95455E-2
-2.89014E-2
-2.89014E-2
-2.89014E-2
-2.95455E-2
-2.98676E-2
-2.98676E-2
-2.95455E-2
-2.95455E-2
-2.92235E-2
-2.95455E-2
-2.89014E-2
-2.98676E-2
-2.98676E-2
-2.95455E-2
-2.92235E-2
-2.95455E-2
-3.05118E-2
-2.98676E-2
-2.92235E-2
-2.98676E-2
-2.89014E-2
-2.85793E-2
-2.95455E-2
-2.85793E-2
-2.85793E-2
-2.92235E-2
-2.82572E-2
-2.82572E-2
-2.85793E-2
-2.89014E-2
-2.89014E-2
-2.89014E-2
-2.89014E-2
-2.92235E-2
-2.89014E-2
-2.89014E-2
-2.98676E-2
-2.92235E-2
-2.89014E-2
-2.92235E-2
-2.98676E-2
-2.95455E-2
-2.98676E-2
-2.92235E-2
-2.98676E-2
-2.95455E-2
-2.98676E-2
-2.95455E-2
-2.98676E-2
-2.92235E-2
-2.95455E-2
-2.98676E-2
-3.01897E-2
-2.92235E-2
-2.98676E-2
-3.01897E-2
-3.01897E-2
-2.95455E-2
-2.95455E-2
-2.95455E-2
-2.98676E-2
-2.98676E-2
-2.98676E-2
-2.98676E-2
-2.98676E-2
-2.98676E-2
-2.50364E-2
-2.98676E-2
-2.98676E-2
-2.79351E-2
-2.21376E-2
-1.79505E-2
-1.31193E-2
-1.18310E-2
-1.08647E-2
-1.11868E-2
-1.11868E-2
-9.89847E-3
-9.25430E-3
-9.57638E-3
-9.25430E-3
-7.96597E-3
-7.96597E-3
-7.96597E-3
-7.32180E-3
-7.32180E-3
-6.67763E-3
-7.32180E-3
-6.35555E-3
-7.64388E-3
-8.28805E-3
-7.32180E-3
-7.64388E-3
-6.99972E-3
-7.64388E-3
-6.99972E-3
-7.96597E-3
-6.35555E-3
-7.96597E-3
-6.03347E-3
-6.35555E-3
-7.32180E-3
-7.96597E-3
-7.64388E-3
-7.96597E-3
-8.28805E-3
-7.64388E-3
-7.64388E-3
-7.64388E-3
-2.02051E-2
-6.75514E-2
-1.26815E-1
-1.72550E-1
-2.07013E-1
-2.30848E-1
-2.49206E-1
-2.64666E-1
-2.75939E-1
-2.85924E-1
-2.91721E-1
-2.97197E-1
-3.01062E-1
-3.05249E-1
-3.07503E-1
-3.09114E-1
-3.11690E-1
-3.13945E-1
-3.14911E-1
-3.17166E-1
-3.16844E-1
-3.16522E-1
-3.16844E-1
-3.16522E-1
-3.17810E-1
-3.18132E-1
-3.18454E-1
-3.18132E-1
-3.18454E-1
-3.19420E-1
-3.21031E-1
-3.21353E-1
-3.21353E-1
-3.21031E-1
-3.21031E-1
-3.19743E-1
-3.19098E-1
-3.20065E-1
-3.20065E-1
-3.20709E-1
-3.20709E-1
-3.20065E-1
-3.18776E-1
-3.17166E-1
-3.17166E-1
-3.17810E-1
-3.18454E-1
-3.18132E-1
-3.18454E-1
-3.19420E-1
-3.19098E-1
-3.20387E-1
-3.21675E-1
-3.21353E-1
-3.21031E-1
-3.20709E-1
-3.20065E-1
-3.19420E-1
-3.18454E-1
-3.18454E-1
-3.19420E-1
-3.20709E-1
-3.21675E-1
-3.21031E-1
-3.19743E-1
-3.20387E-1
-3.20065E-1
-3.21031E-1
-3.20387E-1
-3.21353E-1
-3.20387E-1
-3.21353E-1
-3.21997E-1
-3.20709E-1
-3.20387E-1
-3.19420E-1
-3.18454E-1
-3.18776E-1
-3.19743E-1
-3.19098E-1
-3.18132E-1
-3.18454E-1
-3.17488E-1
-3.17488E-1
-3.18132E-1
-3.18132E-1
-3.18132E-1
-3.19098E-1
-3.18454E-1
-3.18776E-1
-3.18776E-1
-3.18454E-1
-3.18454E-1
-3.18776E-1
-3.18454E-1
-3.18776E-1
-3.19098E-1
-3.18454E-1
-3.19743E-1
-3.15555E-1
-2.71752E-1
-2.10556E-1
-1.51937E-1
-1.07490E-1
-8.01126E-2
-6.49747E-2
-5.59564E-2
-4.85485E-2
-4.11405E-2
-3.34105E-2
-2.79351E-2
-2.40701E-2
-2.18155E-2
-1.95610E-2
-1.79505E-2
-1.63401E-2
-1.50518E-2
-1.50518E-2
-1.44076E-2
-1.34414E-2
-1.40855E-2
-1.34414E-2
-1.21530E-2
-1.21530E-2
-1.18310E-2
-1.21530E-2
-1.21530E-2
-1.21530E-2
-1.24751E-2
-1.15089E-2
-1.18310E-2
-1.18310E-2
-1.05426E-2
-1.11868E-2
-1.15089E-2
-1.24751E-2
-1.08647E-2
-1.08647E-2
-1.08647E-2
-1.15089E-2
-1.02205E-2
-1.11868E-2
-1.08647E-2
-9.89847E-3
-1.11868E-2
-1.02205E-2
-1.05426E-2
-1.05426E-2
-1.08647E-2
-1.11868E-2
-1.11868E-2
-1.08647E-2
-1.11868E-2
-1.02205E-2
-1.05426E-2
-1.11868E-2
-1.02205E-2
-1.02205E-2
-9.89847E-3
-1.02205E-2
-1.02205E-2
-9.89847E-3
-9.89847E-3
-9.57638E-3
-9.57638E-3
-9.57638E-3
-9.57638E-3
-9.57638E-3
-9.89847E-3
-9.57638E-3
-9.25430E-3
-1.02205E-2
-9.57638E-3
-9.57638E-3
-1.02205E-2
-9.89847E-3
-9.89847E-3
-1.02205E-2
-9.25430E-3
-1.02205E-2
-9.57638E-3
-1.02205E-2
-9.57638E-3
-1.05426E-2
-9.89847E-3
-9.89847E-3
-9.57638E-3
-9.89847E-3
-9.25430E-3
-9.89847E-3
-1.05426E-2
-1.05426E-2
-9.89847E-3
-9.57638E-3
-9.89847E-3
-9.25430E-3
-9.89847E-3
-1.02205E-2
-9.89847E-3
-9.57638E-3
-9.89847E-3
-9.57638E-3
-9.25430E-3
-9.89847E-3
-9.57638E-3
-9.89847E-3
-9.89847E-3
-9.89847E-3
-9.89847E-3
-9.89847E-3
-9.25430E-3
-9.57638E-3
-9.25430E-3
-8.61013E-3
-8.93222E-3
-9.25430E-3
-8.93222E-3
-8.61013E-3
-8.93222E-3
-8.61013E-3
-9.57638E-3
-9.25430E-3
-8.93222E-3
-9.57638E-3
-9.89847E-3
-9.57638E-3
-9.57638E-3
-9.25430E-3
-9.25430E-3
-1.05426E-2
-9.89847E-3
-9.57638E-3
-9.89847E-3
-9.57638E-3
-9.25430E-3
-9.25430E-3
-9.25430E-3
-8.61013E-3
-8.93222E-3
-8.93222E-3
-9.25430E-3
-8.93222E-3
-9.25430E-3
-9.25430E-3
-9.57638E-3
-9.89847E-3
-9.57638E-3
-9.57638E-3
-8.93222E-3
-9.25430E-3
-9.25430E-3
-9.25430E-3
-9.57638E-3
-9.25430E-3
-9.25430E-3
-9.25430E-3
-9.25430E-3
-9.25430E-3
-9.57638E-3
-9.89847E-3
-9.57638E-3
-8.93222E-3
-9.57638E-3
-8.93222E-3
-9.25430E-3
-8.28805E-3
-9.25430E-3
-9.25430E-3
-9.89847E-3
-1.02205E-2
-1.02205E-2
-1.05426E-2
-1.05426E-2
-9.57638E-3
-9.57638E-3
-9.57638E-3
-9.25430E-3
-9.89847E-3
-8.61013E-3
-9.25430E-3
-8.93222E-3
-8.93222E-3
-8.93222E-3
-8.93222E-3
-9.89847E-3
-9.25430E-3
-9.25430E-3
-9.25430E-3
-7.96597E-3
-8.93222E-3
-9.25430E-3
-8.28805E-3
-8.28805E-3
-9.57638E-3
-8.93222E-3
-9.57638E-3
-9.89847E-3
-1.02205E-2
-9.89847E-3
-9.89847E-3
-9.25430E-3
-9.25430E-3
-9.57638E-3
-9.89847E-3
-9.25430E-3
-9.57638E-3
-9.25430E-3
-9.57638E-3
-9.25430E-3
-9.57638E-3
-9.89847E-3
-9.57638E-3
-9.89847E-3
-9.57638E-3
-9.25430E-3
-9.25430E-3
-8.93222E-3
-9.57638E-3
-9.57638E-3
-9.25430E-3
-9.89847E-3
-9.25430E-3
-9.57638E-3
-9.57638E-3
-8.93222E-3
-8.93222E-3
-9.57638E-3
-9.57638E-3
-9.57638E-3
-9.25430E-3
-8.61013E-3
-8.93222E-3
-9.89847E-3
-9.89847E-3
-9.57638E-3
-8.61013E-3
-8.61013E-3
-8.61013E-3
-9.25430E-3
-9.25430E-3
-8.93222E-3
-8.61013E-3
-9.89847E-3
-9.57638E-3
-8.61013E-3
-9.57638E-3
-8.61013E-3
-9.89847E-3
-8.61013E-3
-8.93222E-3
-9.25430E-3
-8.61013E-3
-9.25430E-3
-9.25430E-3
-8.93222E-3
-9.25430E-3
-9.25430E-3
-9.25430E-3
-8.61013E-3
-8.93222E-3
-8.61013E-3
-8.93222E-3
-8.93222E-3
-8.93222E-3
-9.25430E-3
-9.25430E-3
-9.57638E-3
-9.25430E-3
-9.25430E-3
-8.28805E-3
-8.28805E-3
-8.61013E-3
-9.25430E-3
-9.25430E-3
-9.25430E-3
-9.57638E-3
-8.61013E-3
-8.93222E-3
-8.61013E-3
-8.93222E-3
-8.93222E-3
-8.93222E-3
-8.93222E-3
-9.25430E-3
-8.93222E-3
-9.25430E-3
-8.28805E-3
-8.61013E-3
-8.61013E-3
-8.61013E-3
-8.61013E-3
-7.96597E-3
-8.28805E-3
-8.28805E-3
-8.61013E-3
-9.57638E-3
-8.61013E-3
-8.61013E-3
-8.61013E-3
-8.93222E-3
-9.25430E-3
-8.28805E-3
-9.25430E-3
-8.93222E-3
-8.28805E-3
-8.93222E-3
-8.93222E-3
-8.93222E-3
-8.93222E-3
-8.93222E-3
-8.61013E-3
-8.28805E-3
-8.93222E-3
-8.93222E-3
-8.61013E-3
-8.61013E-3
-8.93222E-3
-8.93222E-3
-9.57638E-3
-8.93222E-3
-9.25430E-3
-9.89847E-3
-8.61013E-3
-8.93222E-3
-9.25430E-3
-9.89847E-3
-9.57638E-3
-9.89847E-3
-9.25430E-3
-9.25430E-3
-9.57638E-3
-9.57638E-3
-9.89847E-3
-9.25430E-3
-9.57638E-3
-8.61013E-3
-8.61013E-3
