6.83449E+9
4.61520E+8
-3.81024E-1
0.00000E+0
0.00000E+0
0.00000E+0
5.00000E-7
-1.18310E-2
-8.93222E-3
-8.61013E-3
-8.28805E-3
-9.25430E-3
-9.89847E-3
-8.61013E-3
-8.61013E-3
-8.61013E-3
-7.64388E-3
-7.96597E-3
-8.28805E-3
-9.25430E-3
-8.61013E-3
-9.25430E-3
-9.57638E-3
-8.93222E-3
-8.61013E-3
-8.93222E-3
-8.61013E-3
-9.25430E-3
-8.93222E-3
-8.93222E-3
-9.25430E-3
-8.61013E-3
-8.61013E-3
-8.28805E-3
-8.28805E-3
-8.61013E-3
-9.57638E-3
-8.93222E-3
-7.96597E-3
-6.03347E-3
-4.74513E-3
-6.99972E-3
-1.40855E-2
-2.21376E-2
-2.82572E-2
-3.14780E-2
-3.34105E-2
-3.30885E-2
-3.46989E-2
-3.66314E-2
-3.72755E-2
-3.82418E-2
-3.88860E-2
-3.88860E-2
-4.04964E-2
-4.01743E-2
-3.98522E-2
-4.04964E-2
-4.04964E-2
-4.04964E-2
-4.11405E-2
-4.14626E-2
-4.11405E-2
-4.11405E-2
-4.11405E-2
-4.11405E-2
-4.11405E-2
-4.11405E-2
-4.17847E-2
-4.17847E-2
-4.17847E-2
-4.21068E-2
-4.17847E-2
-4.17847E-2
-4.14626E-2
-4.24289E-2
-4.14626E-2
-4.17847E-2
-4.21068E-2
-4.21068E-2
-4.24289E-2
-4.17847E-2
-4.24289E-2
-4.14626E-2
-4.14626E-2
-4.14626E-2
-4.11405E-2
-4.24289E-2
-4.11405E-2
-4.21068E-2
-4.17847E-2
-4.21068E-2
-4.14626E-2
-4.21068E-2
-4.17847E-2
-4.14626E-2
-4.11405E-2
-4.08185E-2
-4.11405E-2
-4.08185E-2
-4.01743E-2
-4.04964E-2
-4.04964E-2
-4.11405E-2
-4.04964E-2
-4.01743E-2
-4.08185E-2
-4.01743E-2
-4.08185E-2
-4.04964E-2
-4.04964E-2
-4.04964E-2
-3.98522E-2
-3.95301E-2
-4.01743E-2
-3.98522E-2
-4.04964E-2
-4.01743E-2
-3.98522E-2
-4.01743E-2
-4.04964E-2
-4.01743E-2
-4.01743E-2
-4.08185E-2
-4.04964E-2
-4.04964E-2
-4.08185E-2
-4.01743E-2
-4.08185E-2
-4.08185E-2
-4.11405E-2
-4.01743E-2
-4.04964E-2
-4.01743E-2
-3.98522E-2
-4.04964E-2
-3.98522E-2
-3.56651E-2
-4.14626E-2
-4.08185E-2
-3.75976E-2
-3.05118E-2
-2.31039E-2
-1.76285E-2
-1.44076E-2
-1.34414E-2
-1.31193E-2
-1.21530E-2
-1.15089E-2
-1.02205E-2
-9.57638E-3
-9.89847E-3
-9.57638E-3
-8.28805E-3
-8.61013E-3
-8.93222E-3
-8.93222E-3
-7.96597E-3
-7.64388E-3
-7.96597E-3
-7.96597E-3
-8.61013E-3
-7.32180E-3
-7.64388E-3
-7.64388E-3
-7.64388E-3
-7.64388E-3
-8.61013E-3
-6.67763E-3
-7.32180E-3
-6.99972E-3
-6.35555E-3
-6.99972E-3
-6.99972E-3
-7.64388E-3
-7.32180E-3
-7.96597E-3
-7.64388E-3
-6.35555E-3
-7.32180E-3
-2.50364E-2
-8.65543E-2
-1.57735E-1
-2.15388E-1
-2.56936E-1
-2.88823E-1
-3.12335E-1
-3.31660E-1
-3.43577E-1
-3.55172E-1
-3.64190E-1
-3.72564E-1
-3.77073E-1
-3.82227E-1
-3.85770E-1
-3.88668E-1
-3.92855E-1
-3.94466E-1
-3.96398E-1
-3.97365E-1
-3.98975E-1
-3.98975E-1
-3.98975E-1
-3.97687E-1
-3.95110E-1
-3.95110E-1
-3.95754E-1
-3.97365E-1
-3.98331E-1
-3.98331E-1
-3.97365E-1
-3.99619E-1
-4.00908E-1
-4.01230E-1
-4.01552E-1
-4.00908E-1
-4.01552E-1
-4.01874E-1
-4.02840E-1
-4.00908E-1
-4.00263E-1
-3.98653E-1
-3.97687E-1
-3.96398E-1
-3.96076E-1
-3.97043E-1
-3.97365E-1
-4.00263E-1
-4.01552E-1
-4.01552E-1
-4.00585E-1
-3.99619E-1
-3.98009E-1
-3.99941E-1
-3.99297E-1
-3.98653E-1
-3.98009E-1
-3.98009E-1
-3.96398E-1
-3.95754E-1
-3.95432E-1
-3.97365E-1
-3.97365E-1
-3.96076E-1
-3.95754E-1
-3.96398E-1
-3.96720E-1
-3.98653E-1
-3.99619E-1
-4.00908E-1
-4.00908E-1
-4.01552E-1
-4.02518E-1
-4.03484E-1
-4.03484E-1
-4.02518E-1
-4.00585E-1
-3.99619E-1
-3.99619E-1
-4.00585E-1
-4.00585E-1
-4.00908E-1
-4.01552E-1
-4.00908E-1
-4.00263E-1
-3.99619E-1
-3.98009E-1
-3.98009E-1
-3.97365E-1
-3.96720E-1
-3.96398E-1
-3.98009E-1
-3.98653E-1
-3.98975E-1
-3.98653E-1
-3.98331E-1
-3.98009E-1
-3.98009E-1
-3.98331E-1
-3.92533E-1
-3.36169E-1
-2.58225E-1
-1.86400E-1
-1.31324E-1
-9.65389E-2
-7.78580E-2
-6.59409E-2
-5.56343E-2
-4.66160E-2
-3.82418E-2
-3.14780E-2
-2.69689E-2
-2.37480E-2
-2.08493E-2
-1.92389E-2
-1.69843E-2
-1.60180E-2
-1.44076E-2
-1.37635E-2
-1.31193E-2
-1.34414E-2
-1.37635E-2
-1.34414E-2
-1.21530E-2
-1.18310E-2
-1.21530E-2
-1.21530E-2
-1.21530E-2
-1.18310E-2
-1.15089E-2
-1.11868E-2
-1.15089E-2
-1.15089E-2
-1.11868E-2
-1.11868E-2
-1.18310E-2
-1.18310E-2
-1.15089E-2
-1.18310E-2
-1.08647E-2
-1.11868E-2
-1.08647E-2
-1.15089E-2
-1.15089E-2
-1.15089E-2
-1.18310E-2
-1.15089E-2
-1.18310E-2
-1.18310E-2
-1.08647E-2
-1.08647E-2
-1.11868E-2
-1.05426E-2
-1.05426E-2
-1.05426E-2
-9.89847E-3
-9.89847E-3
-1.05426E-2
-1.08647E-2
-9.25430E-3
-1.02205E-2
-1.02205E-2
-1.05426E-2
-9.25430E-3
-9.89847E-3
-8.93222E-3
-9.57638E-3
-9.25430E-3
-9.57638E-3
-9.89847E-3
-1.02205E-2
-1.02205E-2
-1.02205E-2
-9.25430E-3
-9.57638E-3
-9.57638E-3
-8.93222E-3
-8.93222E-3
-9.25430E-3
-9.25430E-3
-9.25430E-3
-9.57638E-3
-1.02205E-2
-1.02205E-2
-9.89847E-3
-9.25430E-3
-9.57638E-3
-9.89847E-3
-8.61013E-3
-8.61013E-3
-8.93222E-3
-8.93222E-3
-9.25430E-3
-9.25430E-3
-8.61013E-3
-8.61013E-3
-9.25430E-3
-8.93222E-3
-8.61013E-3
-8.93222E-3
-8.61013E-3
-8.61013E-3
-8.61013E-3
-8.61013E-3
-8.93222E-3
-9.57638E-3
-8.61013E-3
-9.25430E-3
-8.93222E-3
-8.28805E-3
-8.93222E-3
-7.96597E-3
-9.25430E-3
-8.28805E-3
-9.25430E-3
-9.25430E-3
-8.61013E-3
-8.93222E-3
-8.93222E-3
-8.61013E-3
-8.61013E-3
-8.61013E-3
-8.61013E-3
-8.28805E-3
-8.61013E-3
-7.96597E-3
-8.28805E-3
-8.28805E-3
-8.93222E-3
-8.28805E-3
-8.93222E-3
-8.28805E-3
-7.96597E-3
-8.28805E-3
-8.93222E-3
-7.96597E-3
-8.61013E-3
-8.28805E-3
-8.28805E-3
-7.64388E-3
-7.64388E-3
-8.28805E-3
-7.96597E-3
-7.96597E-3
-7.32180E-3
-8.61013E-3
-8.61013E-3
-8.28805E-3
-8.28805E-3
-8.28805E-3
-8.61013E-3
-8.28805E-3
-7.64388E-3
-7.64388E-3
-8.28805E-3
-7.96597E-3
-8.28805E-3
-8.61013E-3
-7.64388E-3
-8.61013E-3
-7.96597E-3
-7.96597E-3
-7.32180E-3
-7.96597E-3
-8.28805E-3
-8.93222E-3
-8.28805E-3
-8.28805E-3
-8.28805E-3
-8.28805E-3
-8.28805E-3
-8.28805E-3
-8.28805E-3
-7.64388E-3
-8.61013E-3
-9.25430E-3
-9.25430E-3
-9.25430E-3
-9.25430E-3
-8.93222E-3
-8.61013E-3
-7.96597E-3
-8.61013E-3
-8.28805E-3
-8.28805E-3
-7.96597E-3
-8.93222E-3
-7.96597E-3
-8.93222E-3
-9.25430E-3
-9.25430E-3
-7.96597E-3
-8.93222E-3
-8.61013E-3
-7.64388E-3
-8.28805E-3
-7.32180E-3
-8.93222E-3
-7.64388E-3
-7.96597E-3
-7.96597E-3
-7.64388E-3
-6.99972E-3
-8.28805E-3
-8.93222E-3
-7.96597E-3
-7.96597E-3
-7.96597E-3
-8.28805E-3
-7.64388E-3
-8.28805E-3
-7.96597E-3
-7.64388E-3
-7.64388E-3
-8.28805E-3
-7.96597E-3
-7.64388E-3
-8.28805E-3
-7.96597E-3
-8.28805E-3
-8.28805E-3
-7.64388E-3
-7.64388E-3
-7.96597E-3
-7.64388E-3
-8.28805E-3
-8.28805E-3
-8.61013E-3
-8.61013E-3
-8.28805E-3
-7.64388E-3
-7.64388E-3
-7.96597E-3
-7.64388E-3
-7.96597E-3
-7.96597E-3
-8.61013E-3
-7.96597E-3
-7.96597E-3
-8.61013E-3
-8.61013E-3
-8.93222E-3
-8.61013E-3
-8.61013E-3
-7.96597E-3
-8.28805E-3
-8.28805E-3
-7.64388E-3
-7.64388E-3
-7.64388E-3
-7.64388E-3
-8.28805E-3
-8.61013E-3
-7.96597E-3
-8.61013E-3
-7.96597E-3
-8.28805E-3
-8.61013E-3
-7.96597E-3
-8.28805E-3
-7.64388E-3
-7.64388E-3
-8.93222E-3
-8.61013E-3
-7.96597E-3
-8.93222E-3
-8.61013E-3
-8.28805E-3
-7.96597E-3
-7.96597E-3
-7.96597E-3
-7.96597E-3
-6.99972E-3
-7.32180E-3
-7.64388E-3
-7.64388E-3
-8.61013E-3
-8.28805E-3
-8.28805E-3
-8.28805E-3
-7.96597E-3
-8.61013E-3
-7.96597E-3
-7.96597E-3
-8.61013E-3
-7.64388E-3
-8.28805E-3
-7.64388E-3
-8.28805E-3
-8.28805E-3
-7.96597E-3
-8.93222E-3
-7.96597E-3
-8.28805E-3
-8.28805E-3
-8.61013E-3
-8.61013E-3
-7.96597E-3
-7.96597E-3
-8.28805E-3
-7.64388E-3
-8.28805E-3
-8.28805E-3
-7.64388E-3
-8.28805E-3
-8.61013E-3
-7.96597E-3
-7.96597E-3
-7.96597E-3
-7.64388E-3
-7.96597E-3
-7.96597E-3
-7.64388E-3
-7.64388E-3
-7.96597E-3
-7.64388E-3
-7.96597E-3
-8.28805E-3
-7.96597E-3
-8.93222E-3
-8.28805E-3
-7.96597E-3
-8.28805E-3
-8.28805E-3
-8.93222E-3
-7.96597E-3
-8.28805E-3
-7.96597E-3
-8.93222E-3
-8.61013E-3
-8.28805E-3
-8.28805E-3
-8.61013E-3
-8.61013E-3
-8.28805E-3
-7.96597E-3
-8.61013E-3
