6.83443E+9
4.61460E+8
-3.81085E-1
0.00000E+0
0.00000E+0
0.00000E+0
5.00000E-7
-1.18310E-2
-8.61013E-3
-9.25430E-3
-8.61013E-3
-8.93222E-3
-9.57638E-3
-7.96597E-3
-8.61013E-3
-8.28805E-3
-9.25430E-3
-8.61013E-3
-8.61013E-3
-8.28805E-3
-9.25430E-3
-8.61013E-3
-8.28805E-3
-8.61013E-3
-8.61013E-3
-8.61013E-3
-8.61013E-3
-8.61013E-3
-8.28805E-3
-8.61013E-3
-8.28805E-3
-8.61013E-3
-8.93222E-3
-8.28805E-3
-8.61013E-3
-9.25430E-3
-8.28805E-3
-8.28805E-3
-7.64388E-3
-6.35555E-3
-5.38930E-3
-1.05426E-2
-2.11714E-2
-3.40547E-2
-4.14626E-2
-4.59718E-2
-4.69380E-2
-4.95147E-2
-5.17693E-2
-5.30576E-2
-5.46680E-2
-5.49901E-2
-5.59564E-2
-5.62785E-2
-5.62785E-2
-5.69226E-2
-5.78889E-2
-5.75668E-2
-5.78889E-2
-5.85330E-2
-5.78889E-2
-5.78889E-2
-5.72447E-2
-5.75668E-2
-5.82110E-2
-5.88551E-2
-5.88551E-2
-5.91772E-2
-5.88551E-2
-5.94993E-2
-5.91772E-2
-5.85330E-2
-5.85330E-2
-5.94993E-2
-5.91772E-2
-5.91772E-2
-5.91772E-2
-5.88551E-2
-5.91772E-2
-5.85330E-2
-5.85330E-2
-5.82110E-2
-5.78889E-2
-5.82110E-2
-5.82110E-2
-5.85330E-2
-5.82110E-2
-6.04655E-2
-5.88551E-2
-5.85330E-2
-5.88551E-2
-5.94993E-2
-5.98214E-2
-5.88551E-2
-5.82110E-2
-5.82110E-2
-5.82110E-2
-5.85330E-2
-5.78889E-2
-5.75668E-2
-5.72447E-2
-5.78889E-2
-5.72447E-2
-5.75668E-2
-5.78889E-2
-5.75668E-2
-5.72447E-2
-5.78889E-2
-5.78889E-2
-5.82110E-2
-5.72447E-2
-5.75668E-2
-5.69226E-2
-5.66005E-2
-5.66005E-2
-5.66005E-2
-5.62785E-2
-5.66005E-2
-5.69226E-2
-5.62785E-2
-5.69226E-2
-5.62785E-2
-5.66005E-2
-5.62785E-2
-5.66005E-2
-5.69226E-2
-5.66005E-2
-5.59564E-2
-5.66005E-2
-5.66005E-2
-5.56343E-2
-5.66005E-2
-5.56343E-2
-5.59564E-2
-5.59564E-2
-5.66005E-2
-5.59564E-2
-5.17693E-2
-5.62785E-2
-5.62785E-2
-5.08030E-2
-4.08185E-2
-2.92235E-2
-2.11714E-2
-1.69843E-2
-1.56960E-2
-1.47297E-2
-1.37635E-2
-1.24751E-2
-1.11868E-2
-1.02205E-2
-9.57638E-3
-8.93222E-3
-8.61013E-3
-9.25430E-3
-7.96597E-3
-7.96597E-3
-8.28805E-3
-7.64388E-3
-6.99972E-3
-7.96597E-3
-7.96597E-3
-7.96597E-3
-7.32180E-3
-8.28805E-3
-8.28805E-3
-7.32180E-3
-8.93222E-3
-8.28805E-3
-7.64388E-3
-7.64388E-3
-8.28805E-3
-8.28805E-3
-6.99972E-3
-6.99972E-3
-7.32180E-3
-6.99972E-3
-7.64388E-3
-7.32180E-3
-7.64388E-3
-2.63247E-2
-9.10634E-2
-1.62566E-1
-2.18608E-1
-2.59513E-1
-2.90433E-1
-3.12979E-1
-3.31015E-1
-3.44865E-1
-3.57748E-1
-3.67733E-1
-3.74175E-1
-3.78684E-1
-3.82871E-1
-3.86414E-1
-3.89635E-1
-3.91889E-1
-3.93178E-1
-3.93178E-1
-3.94788E-1
-3.95432E-1
-3.96398E-1
-3.95432E-1
-3.95432E-1
-3.95754E-1
-3.98009E-1
-3.99619E-1
-4.00585E-1
-4.00908E-1
-4.01230E-1
-4.00585E-1
-3.99941E-1
-3.99619E-1
-3.98975E-1
-3.99941E-1
-4.00908E-1
-4.01552E-1
-4.02196E-1
-4.00908E-1
-4.00585E-1
-3.98975E-1
-3.98653E-1
-3.98975E-1
-3.99297E-1
-3.98653E-1
-3.99297E-1
-3.98009E-1
-3.99941E-1
-3.98653E-1
-3.98331E-1
-3.99297E-1
-4.00263E-1
-4.00585E-1
-4.00263E-1
-3.99941E-1
-3.99297E-1
-3.98975E-1
-3.98975E-1
-3.99941E-1
-3.99619E-1
-4.00263E-1
-3.99297E-1
-3.99297E-1
-4.00908E-1
-4.00263E-1
-3.98653E-1
-3.98009E-1
-3.97043E-1
-3.94788E-1
-3.96720E-1
-3.98009E-1
-3.98009E-1
-3.98653E-1
-3.99619E-1
-3.99619E-1
-3.99297E-1
-3.98653E-1
-3.98653E-1
-4.00263E-1
-4.01230E-1
-4.02518E-1
-4.02196E-1
-4.00908E-1
-4.01230E-1
-4.00908E-1
-4.00908E-1
-3.98975E-1
-3.98975E-1
-3.98009E-1
-3.98331E-1
-4.00263E-1
-4.01874E-1
-4.03806E-1
-4.03484E-1
-4.02196E-1
-3.99941E-1
-3.98653E-1
-4.00585E-1
-4.01230E-1
-3.95754E-1
-3.38745E-1
-2.60157E-1
-1.87688E-1
-1.32290E-1
-9.81493E-2
-7.78580E-2
-6.65851E-2
-5.66005E-2
-4.69380E-2
-3.88860E-2
-3.14780E-2
-2.66468E-2
-2.31039E-2
-2.05272E-2
-1.89168E-2
-1.73064E-2
-1.50518E-2
-1.44076E-2
-1.40855E-2
-1.34414E-2
-1.27972E-2
-1.24751E-2
-1.24751E-2
-1.18310E-2
-1.18310E-2
-1.21530E-2
-1.15089E-2
-1.15089E-2
-1.15089E-2
-1.11868E-2
-1.05426E-2
-1.11868E-2
-1.08647E-2
-1.11868E-2
-1.05426E-2
-1.02205E-2
-1.05426E-2
-1.02205E-2
-1.02205E-2
-1.05426E-2
-1.08647E-2
-1.08647E-2
-1.08647E-2
-1.08647E-2
-1.02205E-2
-1.08647E-2
-1.05426E-2
-1.02205E-2
-9.89847E-3
-9.89847E-3
-9.57638E-3
-9.89847E-3
-9.89847E-3
-9.57638E-3
-1.02205E-2
-9.89847E-3
-9.89847E-3
-9.57638E-3
-9.89847E-3
-9.89847E-3
-9.25430E-3
-9.57638E-3
-9.89847E-3
-9.57638E-3
-9.25430E-3
-9.57638E-3
-9.57638E-3
-9.25430E-3
-9.25430E-3
-9.25430E-3
-8.93222E-3
-9.25430E-3
-9.25430E-3
-9.89847E-3
-9.25430E-3
-9.57638E-3
-8.93222E-3
-8.93222E-3
-8.61013E-3
-8.28805E-3
-8.28805E-3
-8.93222E-3
-8.93222E-3
-9.25430E-3
-8.61013E-3
-8.28805E-3
-7.96597E-3
-7.96597E-3
-8.61013E-3
-8.61013E-3
-7.96597E-3
-8.61013E-3
-7.64388E-3
-8.28805E-3
-7.96597E-3
-7.32180E-3
-7.96597E-3
-8.28805E-3
-7.96597E-3
-8.61013E-3
-8.28805E-3
-8.28805E-3
-9.25430E-3
-8.28805E-3
-7.96597E-3
-7.96597E-3
-8.28805E-3
-8.28805E-3
-7.96597E-3
-8.28805E-3
-7.64388E-3
-7.32180E-3
-6.99972E-3
-7.64388E-3
-7.96597E-3
-8.28805E-3
-7.32180E-3
-8.28805E-3
-8.28805E-3
-8.28805E-3
-8.61013E-3
-7.96597E-3
-7.96597E-3
-8.61013E-3
-8.61013E-3
-8.61013E-3
-7.96597E-3
-7.96597E-3
-7.32180E-3
-7.96597E-3
-7.96597E-3
-8.28805E-3
-7.96597E-3
-8.28805E-3
-8.61013E-3
-8.61013E-3
-9.25430E-3
-8.28805E-3
-8.61013E-3
-8.61013E-3
-8.28805E-3
-8.93222E-3
-7.96597E-3
-7.32180E-3
-8.28805E-3
-8.28805E-3
-8.28805E-3
-8.28805E-3
-7.96597E-3
-7.96597E-3
-7.96597E-3
-7.96597E-3
-8.28805E-3
-8.28805E-3
-8.28805E-3
-8.28805E-3
-8.61013E-3
-7.96597E-3
-8.61013E-3
-8.28805E-3
-7.96597E-3
-8.28805E-3
-8.61013E-3
-8.93222E-3
-8.28805E-3
-7.96597E-3
-7.64388E-3
-7.96597E-3
-7.96597E-3
-7.32180E-3
-7.32180E-3
-8.28805E-3
-7.64388E-3
-7.64388E-3
-7.64388E-3
-8.28805E-3
-7.64388E-3
-7.96597E-3
-7.96597E-3
-7.32180E-3
-7.96597E-3
-7.96597E-3
-7.64388E-3
-7.64388E-3
-7.64388E-3
-7.64388E-3
-7.96597E-3
-7.32180E-3
-7.64388E-3
-7.64388E-3
-7.96597E-3
-7.96597E-3
-7.96597E-3
-7.96597E-3
-7.32180E-3
-7.64388E-3
-8.61013E-3
-8.28805E-3
-7.32180E-3
-7.96597E-3
-7.96597E-3
-7.96597E-3
-8.28805E-3
-8.28805E-3
-7.32180E-3
-7.96597E-3
-7.96597E-3
-7.32180E-3
-7.64388E-3
-8.93222E-3
-8.28805E-3
-8.93222E-3
-7.96597E-3
-7.64388E-3
-7.64388E-3
-8.28805E-3
-8.28805E-3
-7.64388E-3
-7.64388E-3
-8.93222E-3
-8.61013E-3
-8.28805E-3
-8.28805E-3
-7.96597E-3
-8.28805E-3
-8.28805E-3
-7.96597E-3
-8.28805E-3
-8.28805E-3
-7.64388E-3
-7.96597E-3
-8.28805E-3
-7.64388E-3
-8.61013E-3
-8.28805E-3
-7.96597E-3
-8.28805E-3
-7.96597E-3
-8.28805E-3
-8.28805E-3
-7.96597E-3
-8.28805E-3
-8.61013E-3
-8.28805E-3
-7.96597E-3
-7.96597E-3
-8.28805E-3
-7.96597E-3
-7.96597E-3
-7.64388E-3
-7.96597E-3
-7.32180E-3
-6.35555E-3
-6.99972E-3
-7.32180E-3
-7.32180E-3
-6.67763E-3
-6.35555E-3
-7.32180E-3
-7.64388E-3
-8.61013E-3
-7.64388E-3
-7.64388E-3
-7.96597E-3
-7.32180E-3
-7.32180E-3
-6.99972E-3
-6.99972E-3
-7.64388E-3
-7.32180E-3
-6.67763E-3
-7.32180E-3
-6.99972E-3
-6.67763E-3
-7.32180E-3
-7.96597E-3
-6.99972E-3
-7.96597E-3
-7.96597E-3
-7.96597E-3
-7.64388E-3
-8.28805E-3
-8.28805E-3
-7.32180E-3
-8.28805E-3
-7.32180E-3
-7.64388E-3
-7.96597E-3
-7.32180E-3
-7.64388E-3
-7.64388E-3
-8.28805E-3
-8.28805E-3
-7.96597E-3
-7.96597E-3
-7.96597E-3
-8.28805E-3
-8.28805E-3
-7.96597E-3
-8.28805E-3
-7.64388E-3
-7.96597E-3
-7.64388E-3
-7.64388E-3
-8.28805E-3
-7.32180E-3
-7.32180E-3
-7.32180E-3
-7.64388E-3
-7.32180E-3
-7.96597E-3
-7.64388E-3
-7.96597E-3
-7.96597E-3
-6.99972E-3
-7.96597E-3
-7.64388E-3
-7.64388E-3
-8.28805E-3
-7.96597E-3
-8.28805E-3
-7.32180E-3
-8.28805E-3
-7.96597E-3
-7.96597E-3
-7.32180E-3
-7.96597E-3
-6.99972E-3
-6.99972E-3
-6.35555E-3
-6.35555E-3
-7.32180E-3
-6.99972E-3
-6.99972E-3
-7.32180E-3
-7.64388E-3
-7.32180E-3
