6.83412E+9
4.61150E+8
-3.00920E-1
0.00000E+0
0.00000E+0
0.00000E+0
5.00000E-7
-1.24751E-2
-8.61013E-3
-8.61013E-3
-8.28805E-3
-8.93222E-3
-9.25430E-3
-8.61013E-3
-8.28805E-3
-8.93222E-3
-7.96597E-3
-7.32180E-3
-7.32180E-3
-7.96597E-3
-8.28805E-3
-7.96597E-3
-8.28805E-3
-8.28805E-3
-7.96597E-3
-7.96597E-3
-7.96597E-3
-9.25430E-3
-7.96597E-3
-7.64388E-3
-8.28805E-3
-7.64388E-3
-7.96597E-3
-7.64388E-3
-8.93222E-3
-8.28805E-3
-7.96597E-3
-8.93222E-3
-6.99972E-3
-5.71138E-3
-3.77888E-3
-5.71138E-3
-9.89847E-3
-1.50518E-2
-1.92389E-2
-2.18155E-2
-2.27818E-2
-2.40701E-2
-2.43922E-2
-2.60026E-2
-2.63247E-2
-2.72910E-2
-2.79351E-2
-2.79351E-2
-2.85793E-2
-2.89014E-2
-2.89014E-2
-2.89014E-2
-2.82572E-2
-2.95455E-2
-2.92235E-2
-2.95455E-2
-2.89014E-2
-2.95455E-2
-2.98676E-2
-3.05118E-2
-2.98676E-2
-3.01897E-2
-3.01897E-2
-3.01897E-2
-2.98676E-2
-3.01897E-2
-3.01897E-2
-3.01897E-2
-3.05118E-2
-3.08339E-2
-3.05118E-2
-3.08339E-2
-3.08339E-2
-3.14780E-2
-3.08339E-2
-3.01897E-2
-3.05118E-2
-3.05118E-2
-3.05118E-2
-2.98676E-2
-2.98676E-2
-3.11560E-2
-3.05118E-2
-3.05118E-2
-3.05118E-2
-3.08339E-2
-3.01897E-2
-2.98676E-2
-3.05118E-2
-2.98676E-2
-2.98676E-2
-2.95455E-2
-3.05118E-2
-2.89014E-2
-3.01897E-2
-2.98676E-2
-2.98676E-2
-2.95455E-2
-2.98676E-2
-2.92235E-2
-2.98676E-2
-2.92235E-2
-2.89014E-2
-2.92235E-2
-2.89014E-2
-3.01897E-2
-2.89014E-2
-2.98676E-2
-2.95455E-2
-2.98676E-2
-3.01897E-2
-2.98676E-2
-2.89014E-2
-2.89014E-2
-2.95455E-2
-2.89014E-2
-2.95455E-2
-2.85793E-2
-2.85793E-2
-2.98676E-2
-2.98676E-2
-2.98676E-2
-2.92235E-2
-3.01897E-2
-2.98676E-2
-2.98676E-2
-2.92235E-2
-2.85793E-2
-2.85793E-2
-2.95455E-2
-2.92235E-2
-2.47143E-2
-2.89014E-2
-2.98676E-2
-2.72910E-2
-2.24597E-2
-1.76285E-2
-1.37635E-2
-1.18310E-2
-1.11868E-2
-1.11868E-2
-9.89847E-3
-8.61013E-3
-8.28805E-3
-8.28805E-3
-7.96597E-3
-7.96597E-3
-7.64388E-3
-7.32180E-3
-7.32180E-3
-7.32180E-3
-7.64388E-3
-6.67763E-3
-7.64388E-3
-6.67763E-3
-6.99972E-3
-7.32180E-3
-6.99972E-3
-6.35555E-3
-7.32180E-3
-6.99972E-3
-7.64388E-3
-6.67763E-3
-6.67763E-3
-6.35555E-3
-7.32180E-3
-6.99972E-3
-6.99972E-3
-6.67763E-3
-7.32180E-3
-6.67763E-3
-6.99972E-3
-6.03347E-3
-6.35555E-3
-1.92389E-2
-6.72293E-2
-1.25526E-1
-1.72550E-1
-2.05725E-1
-2.31170E-1
-2.49528E-1
-2.65633E-1
-2.76905E-1
-2.85280E-1
-2.92688E-1
-2.98163E-1
-3.02028E-1
-3.04605E-1
-3.06859E-1
-3.08470E-1
-3.10402E-1
-3.11690E-1
-3.12657E-1
-3.14267E-1
-3.15878E-1
-3.15233E-1
-3.15878E-1
-3.16844E-1
-3.16200E-1
-3.17488E-1
-3.18132E-1
-3.18776E-1
-3.19743E-1
-3.19420E-1
-3.20387E-1
-3.19743E-1
-3.19098E-1
-3.18454E-1
-3.19098E-1
-3.19098E-1
-3.19420E-1
-3.20065E-1
-3.19743E-1
-3.21675E-1
-3.21353E-1
-3.20387E-1
-3.21031E-1
-3.20065E-1
-3.19420E-1
-3.20065E-1
-3.19743E-1
-3.20709E-1
-3.19420E-1
-3.19420E-1
-3.18454E-1
-3.19098E-1
-3.20709E-1
-3.21031E-1
-3.21031E-1
-3.20065E-1
-3.19420E-1
-3.19420E-1
-3.19098E-1
-3.20065E-1
-3.20065E-1
-3.21031E-1
-3.20387E-1
-3.20065E-1
-3.20709E-1
-3.19743E-1
-3.21675E-1
-3.21675E-1
-3.20387E-1
-3.19420E-1
-3.20065E-1
-3.19098E-1
-3.19098E-1
-3.17488E-1
-3.17488E-1
-3.17810E-1
-3.18132E-1
-3.17810E-1
-3.16844E-1
-3.17488E-1
-3.17488E-1
-3.18776E-1
-3.18454E-1
-3.18454E-1
-3.19743E-1
-3.19098E-1
-3.19098E-1
-3.18776E-1
-3.17488E-1
-3.17166E-1
-3.18454E-1
-3.18454E-1
-3.17810E-1
-3.17810E-1
-3.19098E-1
-3.21031E-1
-3.21675E-1
-3.21031E-1
-3.22319E-1
-3.19098E-1
-2.74651E-1
-2.11523E-1
-1.51937E-1
-1.07812E-1
-7.91464E-2
-6.40084E-2
-5.49901E-2
-4.82264E-2
-3.95301E-2
-3.21222E-2
-2.69689E-2
-2.24597E-2
-2.02051E-2
-1.92389E-2
-1.69843E-2
-1.53739E-2
-1.40855E-2
-1.24751E-2
-1.24751E-2
-1.18310E-2
-1.11868E-2
-1.15089E-2
-1.18310E-2
-1.08647E-2
-1.18310E-2
-1.08647E-2
-1.08647E-2
-1.08647E-2
-1.11868E-2
-1.11868E-2
-9.89847E-3
-1.02205E-2
-9.89847E-3
-9.89847E-3
-1.02205E-2
-9.57638E-3
-9.89847E-3
-9.89847E-3
-9.57638E-3
-1.08647E-2
-1.05426E-2
-9.89847E-3
-1.05426E-2
-1.05426E-2
-1.05426E-2
-9.89847E-3
-1.02205E-2
-1.08647E-2
-1.02205E-2
-9.89847E-3
-9.57638E-3
-9.89847E-3
-9.25430E-3
-8.61013E-3
-8.93222E-3
-9.25430E-3
-9.89847E-3
-9.25430E-3
-9.57638E-3
-9.25430E-3
-9.25430E-3
-9.25430E-3
-8.93222E-3
-9.25430E-3
-9.25430E-3
-7.96597E-3
-8.61013E-3
-9.25430E-3
-7.96597E-3
-8.61013E-3
-7.96597E-3
-8.93222E-3
-8.93222E-3
-8.61013E-3
-9.25430E-3
-8.61013E-3
-8.61013E-3
-8.28805E-3
-8.61013E-3
-8.93222E-3
-8.61013E-3
-7.96597E-3
-8.28805E-3
-7.32180E-3
-7.96597E-3
-7.64388E-3
-8.28805E-3
-7.96597E-3
-8.28805E-3
-7.96597E-3
-9.57638E-3
-8.61013E-3
-9.25430E-3
-8.61013E-3
-8.28805E-3
-8.93222E-3
-8.93222E-3
-9.89847E-3
-8.61013E-3
-9.25430E-3
-8.61013E-3
-8.28805E-3
-7.64388E-3
-8.28805E-3
-8.28805E-3
-8.61013E-3
-8.28805E-3
-8.28805E-3
-8.28805E-3
-8.28805E-3
-8.28805E-3
-7.96597E-3
-8.61013E-3
-8.28805E-3
-7.96597E-3
-8.28805E-3
-7.96597E-3
-8.28805E-3
-8.93222E-3
-8.28805E-3
-7.64388E-3
-8.28805E-3
-8.61013E-3
-8.28805E-3
-7.64388E-3
-7.64388E-3
-7.32180E-3
-7.96597E-3
-7.32180E-3
-7.32180E-3
-7.32180E-3
-7.32180E-3
-7.32180E-3
-7.96597E-3
-7.32180E-3
-8.28805E-3
-7.64388E-3
-7.96597E-3
-8.28805E-3
-6.99972E-3
-7.96597E-3
-7.64388E-3
-7.32180E-3
-6.99972E-3
-6.99972E-3
-7.32180E-3
-6.99972E-3
-7.32180E-3
-7.32180E-3
-7.64388E-3
-8.28805E-3
-7.64388E-3
-7.96597E-3
-8.28805E-3
-8.28805E-3
-8.28805E-3
-7.32180E-3
-7.64388E-3
-7.64388E-3
-6.99972E-3
-6.67763E-3
-7.96597E-3
-6.99972E-3
-8.28805E-3
-8.61013E-3
-8.28805E-3
-7.96597E-3
-7.96597E-3
-7.64388E-3
-7.32180E-3
-7.32180E-3
-7.64388E-3
-7.96597E-3
-7.96597E-3
-8.28805E-3
-7.96597E-3
-7.96597E-3
-7.32180E-3
-7.64388E-3
-6.99972E-3
-8.28805E-3
-7.96597E-3
-7.96597E-3
-8.61013E-3
-8.93222E-3
-8.28805E-3
-7.32180E-3
-8.61013E-3
-8.28805E-3
-7.96597E-3
-7.96597E-3
-7.96597E-3
-8.28805E-3
-7.64388E-3
-6.99972E-3
-7.96597E-3
-7.96597E-3
-8.93222E-3
-8.28805E-3
-8.28805E-3
-7.64388E-3
-7.64388E-3
-7.64388E-3
-7.32180E-3
-7.64388E-3
-6.67763E-3
-7.96597E-3
-6.99972E-3
-7.64388E-3
-7.32180E-3
-7.96597E-3
-7.96597E-3
-7.96597E-3
-7.64388E-3
-7.96597E-3
-7.64388E-3
-8.28805E-3
-8.28805E-3
-8.28805E-3
-7.96597E-3
-7.32180E-3
-7.96597E-3
-8.28805E-3
-8.61013E-3
-8.28805E-3
-8.28805E-3
-8.93222E-3
-8.28805E-3
-8.28805E-3
-8.28805E-3
-8.28805E-3
-8.28805E-3
-7.96597E-3
-7.64388E-3
-7.96597E-3
-7.96597E-3
-7.64388E-3
-7.96597E-3
-7.96597E-3
-7.96597E-3
-7.96597E-3
-7.96597E-3
-7.96597E-3
-7.64388E-3
-7.64388E-3
-8.28805E-3
-7.64388E-3
-7.64388E-3
-6.99972E-3
-7.32180E-3
-7.96597E-3
-7.64388E-3
-7.64388E-3
-7.32180E-3
-8.28805E-3
-7.32180E-3
-7.64388E-3
-7.96597E-3
-7.32180E-3
-8.61013E-3
-6.99972E-3
-7.64388E-3
-6.67763E-3
-7.64388E-3
-7.64388E-3
-7.32180E-3
-6.99972E-3
-7.32180E-3
-7.64388E-3
-7.64388E-3
-7.96597E-3
-7.32180E-3
-7.96597E-3
-7.64388E-3
-7.96597E-3
-7.32180E-3
-6.99972E-3
-7.32180E-3
-7.96597E-3
-7.32180E-3
-7.96597E-3
-7.96597E-3
-7.64388E-3
-8.28805E-3
-8.28805E-3
-7.32180E-3
-7.64388E-3
-7.64388E-3
-8.28805E-3
-7.64388E-3
-7.96597E-3
-7.96597E-3
-8.28805E-3
-7.96597E-3
-7.64388E-3
-7.96597E-3
-7.96597E-3
-7.96597E-3
-8.28805E-3
-8.28805E-3
-7.96597E-3
-7.64388E-3
-8.61013E-3
-8.61013E-3
-8.61013E-3
-7.96597E-3
-8.28805E-3
-7.96597E-3
-7.96597E-3
-8.61013E-3
-7.96597E-3
-8.28805E-3
-7.96597E-3
-7.96597E-3
-7.96597E-3
-8.28805E-3
-7.96597E-3
-8.28805E-3
-7.96597E-3
-7.96597E-3
-7.64388E-3
-7.96597E-3
-8.61013E-3
-7.96597E-3
-8.28805E-3
-8.61013E-3
-7.96597E-3
-7.96597E-3
-7.64388E-3
-7.96597E-3
-7.96597E-3
-7.64388E-3
-7.32180E-3
-7.96597E-3
-7.96597E-3
-7.96597E-3
-7.64388E-3
