6.83515E+9
4.62180E+8
-3.79659E-1
0.00000E+0
0.00000E+0
0.00000E+0
5.00000E-7
-1.11868E-2
-8.61013E-3
-7.64388E-3
-7.96597E-3
-7.64388E-3
-8.28805E-3
-7.64388E-3
-6.99972E-3
-7.32180E-3
-6.35555E-3
-7.64388E-3
-6.67763E-3
-7.64388E-3
-7.64388E-3
-7.96597E-3
-7.96597E-3
-8.28805E-3
-7.96597E-3
-7.96597E-3
-7.96597E-3
-8.61013E-3
-7.32180E-3
-7.32180E-3
-7.32180E-3
-9.25430E-3
-7.64388E-3
-8.61013E-3
-9.25430E-3
-7.32180E-3
-6.35555E-3
-6.35555E-3
-7.64388E-3
-5.71138E-3
-3.45680E-3
-8.28805E-3
-1.98830E-2
-3.37326E-2
-4.21068E-2
-4.56497E-2
-4.72601E-2
-4.98368E-2
-5.17693E-2
-5.37018E-2
-5.53122E-2
-5.62785E-2
-5.78889E-2
-5.78889E-2
-5.75668E-2
-5.78889E-2
-5.85330E-2
-5.91772E-2
-5.91772E-2
-5.88551E-2
-5.94993E-2
-5.91772E-2
-5.94993E-2
-5.98214E-2
-6.01434E-2
-6.07876E-2
-6.04655E-2
-6.07876E-2
-6.11097E-2
-6.01434E-2
-6.04655E-2
-5.98214E-2
-6.04655E-2
-6.04655E-2
-5.94993E-2
-5.98214E-2
-6.04655E-2
-5.98214E-2
-5.94993E-2
-5.94993E-2
-5.98214E-2
-5.75668E-2
-5.69226E-2
-5.85330E-2
-5.94993E-2
-6.01434E-2
-5.98214E-2
-6.01434E-2
-5.78889E-2
-5.88551E-2
-5.94993E-2
-5.94993E-2
-5.94993E-2
-5.94993E-2
-5.98214E-2
-5.94993E-2
-5.94993E-2
-5.88551E-2
-5.88551E-2
-5.88551E-2
-5.82110E-2
-5.78889E-2
-5.88551E-2
-5.88551E-2
-5.88551E-2
-5.85330E-2
-5.82110E-2
-5.88551E-2
-5.88551E-2
-5.88551E-2
-5.88551E-2
-5.85330E-2
-5.85330E-2
-5.88551E-2
-5.82110E-2
-5.78889E-2
-5.82110E-2
-5.82110E-2
-5.88551E-2
-5.85330E-2
-5.82110E-2
-5.85330E-2
-5.82110E-2
-5.82110E-2
-5.85330E-2
-5.72447E-2
-5.75668E-2
-5.72447E-2
-5.62785E-2
-5.62785E-2
-5.66005E-2
-5.88551E-2
-5.78889E-2
-5.62785E-2
-5.75668E-2
-5.56343E-2
-5.53122E-2
-5.11251E-2
-5.75668E-2
-5.72447E-2
-5.11251E-2
-3.98522E-2
-2.85793E-2
-2.08493E-2
-1.66622E-2
-1.44076E-2
-1.34414E-2
-1.37635E-2
-1.21530E-2
-9.89847E-3
-9.25430E-3
-8.28805E-3
-8.93222E-3
-8.61013E-3
-8.61013E-3
-7.96597E-3
-7.64388E-3
-7.96597E-3
-7.64388E-3
-7.64388E-3
-7.64388E-3
-7.96597E-3
-7.32180E-3
-7.96597E-3
-7.64388E-3
-7.64388E-3
-7.96597E-3
-8.61013E-3
-7.64388E-3
-6.99972E-3
-7.64388E-3
-7.64388E-3
-7.64388E-3
-8.28805E-3
-8.28805E-3
-7.96597E-3
-7.32180E-3
-7.32180E-3
-6.99972E-3
-7.32180E-3
-2.50364E-2
-8.55880E-2
-1.56446E-1
-2.15065E-1
-2.57258E-1
-2.90433E-1
-3.13301E-1
-3.31660E-1
-3.45187E-1
-3.55494E-1
-3.63868E-1
-3.70310E-1
-3.75463E-1
-3.79650E-1
-3.83193E-1
-3.85770E-1
-3.88024E-1
-3.90923E-1
-3.93500E-1
-3.93822E-1
-3.93178E-1
-3.94144E-1
-3.96076E-1
-3.95754E-1
-3.96076E-1
-3.95754E-1
-3.96720E-1
-3.97365E-1
-3.98653E-1
-3.98009E-1
-3.98653E-1
-3.99619E-1
-3.99297E-1
-4.00263E-1
-3.99941E-1
-3.99619E-1
-3.98653E-1
-3.97687E-1
-3.98975E-1
-4.00263E-1
-3.99941E-1
-3.99297E-1
-3.99297E-1
-3.98653E-1
-3.98331E-1
-3.98331E-1
-3.96720E-1
-3.98009E-1
-3.98331E-1
-3.99297E-1
-3.99941E-1
-4.02518E-1
-3.99297E-1
-3.98653E-1
-4.02196E-1
-3.99297E-1
-3.99619E-1
-3.98653E-1
-3.98009E-1
-3.97043E-1
-3.95754E-1
-3.96076E-1
-3.95754E-1
-3.96720E-1
-3.96720E-1
-3.97687E-1
-3.98009E-1
-3.99297E-1
-3.97687E-1
-3.97687E-1
-3.98331E-1
-3.97687E-1
-3.96720E-1
-3.96398E-1
-3.95754E-1
-3.97687E-1
-3.98331E-1
-3.97687E-1
-3.95754E-1
-3.95432E-1
-3.96076E-1
-3.96720E-1
-3.97043E-1
-3.98009E-1
-3.98009E-1
-3.98653E-1
-3.99619E-1
-3.98975E-1
-3.98331E-1
-3.98009E-1
-3.98653E-1
-3.99619E-1
-3.99941E-1
-3.98975E-1
-3.98653E-1
-3.98653E-1
-3.97365E-1
-3.97043E-1
-3.97687E-1
-3.92855E-1
-3.35525E-1
-2.56292E-1
-1.84790E-1
-1.31002E-1
-9.68609E-2
-7.91464E-2
-6.72293E-2
-5.72447E-2
-4.62939E-2
-3.79197E-2
-3.18001E-2
-2.72910E-2
-2.40701E-2
-2.11714E-2
-1.89168E-2
-1.76285E-2
-1.66622E-2
-1.47297E-2
-1.37635E-2
-1.31193E-2
-1.31193E-2
-1.37635E-2
-1.27972E-2
-1.24751E-2
-1.18310E-2
-1.18310E-2
-1.15089E-2
-1.11868E-2
-1.15089E-2
-1.08647E-2
-1.11868E-2
-1.11868E-2
-1.11868E-2
-1.11868E-2
-1.08647E-2
-1.02205E-2
-1.11868E-2
-1.08647E-2
-1.11868E-2
-1.11868E-2
-1.08647E-2
-1.11868E-2
-1.15089E-2
-1.11868E-2
-1.02205E-2
-1.08647E-2
-1.18310E-2
-1.08647E-2
-1.15089E-2
-1.02205E-2
-1.05426E-2
-1.21530E-2
-1.02205E-2
-1.05426E-2
-1.15089E-2
-9.89847E-3
-9.25430E-3
-9.89847E-3
-1.15089E-2
-1.18310E-2
-1.08647E-2
-9.57638E-3
-1.02205E-2
-1.02205E-2
-9.89847E-3
-1.05426E-2
-9.57638E-3
-8.93222E-3
-9.89847E-3
-9.89847E-3
-9.89847E-3
-9.25430E-3
-9.57638E-3
-1.05426E-2
-9.57638E-3
-9.25430E-3
-9.57638E-3
-8.93222E-3
-9.25430E-3
-9.25430E-3
-9.25430E-3
-1.02205E-2
-9.25430E-3
-8.93222E-3
-9.57638E-3
-9.57638E-3
-9.57638E-3
-9.25430E-3
-9.25430E-3
-9.25430E-3
-9.25430E-3
-9.25430E-3
-9.25430E-3
-9.25430E-3
-9.25430E-3
-8.93222E-3
-8.93222E-3
-9.25430E-3
-8.61013E-3
-8.61013E-3
-9.57638E-3
-7.32180E-3
-7.32180E-3
-8.28805E-3
-8.93222E-3
-1.05426E-2
-1.02205E-2
-9.25430E-3
-9.25430E-3
-8.93222E-3
-1.02205E-2
-9.25430E-3
-9.25430E-3
-9.25430E-3
-9.25430E-3
-8.61013E-3
-8.61013E-3
-9.25430E-3
-9.25430E-3
-9.57638E-3
-8.28805E-3
-8.28805E-3
-8.61013E-3
-9.25430E-3
-8.28805E-3
-8.28805E-3
-8.93222E-3
-8.28805E-3
-9.57638E-3
-9.25430E-3
-8.61013E-3
-8.93222E-3
-9.89847E-3
-9.25430E-3
-9.25430E-3
-9.57638E-3
-9.89847E-3
-9.25430E-3
-9.89847E-3
-9.25430E-3
-9.25430E-3
-9.25430E-3
-9.25430E-3
-8.93222E-3
-9.25430E-3
-8.61013E-3
-8.61013E-3
-8.61013E-3
-9.25430E-3
-8.61013E-3
-8.93222E-3
-1.05426E-2
-8.28805E-3
-8.28805E-3
-9.57638E-3
-6.67763E-3
-7.32180E-3
-7.32180E-3
-9.57638E-3
-9.25430E-3
-8.28805E-3
-7.96597E-3
-9.25430E-3
-9.25430E-3
-9.25430E-3
-9.57638E-3
-8.28805E-3
-8.61013E-3
-8.93222E-3
-9.25430E-3
-8.28805E-3
-9.25430E-3
-9.25430E-3
-9.25430E-3
-9.25430E-3
-9.25430E-3
-8.93222E-3
-8.28805E-3
-8.28805E-3
-9.25430E-3
-9.57638E-3
-9.57638E-3
-9.57638E-3
-9.25430E-3
-1.02205E-2
-9.57638E-3
-9.25430E-3
-8.93222E-3
-9.25430E-3
-8.93222E-3
-8.61013E-3
-8.93222E-3
-8.93222E-3
-9.25430E-3
-7.96597E-3
-9.25430E-3
-9.25430E-3
-1.02205E-2
-9.25430E-3
-8.93222E-3
-8.93222E-3
-6.35555E-3
-6.03347E-3
-6.67763E-3
-8.61013E-3
-9.57638E-3
-1.02205E-2
-9.25430E-3
-8.28805E-3
-8.28805E-3
-8.61013E-3
-8.93222E-3
-8.61013E-3
-8.93222E-3
-8.93222E-3
-8.61013E-3
-8.93222E-3
-8.93222E-3
-8.28805E-3
-8.93222E-3
-8.93222E-3
-8.61013E-3
-8.61013E-3
-8.28805E-3
-9.25430E-3
-8.61013E-3
-9.25430E-3
-8.93222E-3
-8.93222E-3
-9.25430E-3
-8.28805E-3
-8.28805E-3
-8.93222E-3
-9.25430E-3
-9.25430E-3
-9.25430E-3
-9.57638E-3
-9.25430E-3
-9.57638E-3
-9.57638E-3
-8.93222E-3
-9.25430E-3
-9.25430E-3
-9.25430E-3
-8.93222E-3
-8.28805E-3
-7.96597E-3
-9.57638E-3
-8.93222E-3
-8.93222E-3
-8.93222E-3
-9.89847E-3
-9.57638E-3
-8.93222E-3
-9.57638E-3
-7.96597E-3
-8.28805E-3
-6.99972E-3
-8.93222E-3
-9.57638E-3
-8.61013E-3
-8.28805E-3
-8.61013E-3
-9.57638E-3
-9.89847E-3
-9.25430E-3
-9.25430E-3
-9.57638E-3
-9.25430E-3
-9.57638E-3
-9.25430E-3
-9.25430E-3
-8.93222E-3
-8.61013E-3
-8.28805E-3
-8.61013E-3
-8.61013E-3
-8.61013E-3
-8.28805E-3
-8.28805E-3
-9.25430E-3
-9.89847E-3
-9.25430E-3
-9.57638E-3
-9.25430E-3
-9.25430E-3
-9.25430E-3
-9.25430E-3
-9.25430E-3
-8.61013E-3
-8.61013E-3
-8.93222E-3
-8.93222E-3
-8.93222E-3
-9.25430E-3
-9.25430E-3
-8.93222E-3
-9.25430E-3
-8.61013E-3
-8.28805E-3
-8.93222E-3
-6.35555E-3
-5.71138E-3
-6.99972E-3
-7.96597E-3
-9.89847E-3
-9.57638E-3
-8.93222E-3
-8.28805E-3
-8.93222E-3
-9.25430E-3
-8.93222E-3
-9.25430E-3
-9.25430E-3
-8.61013E-3
-8.61013E-3
-8.28805E-3
-8.61013E-3
-8.93222E-3
-8.61013E-3
-8.28805E-3
-8.93222E-3
-8.61013E-3
-8.61013E-3
-9.25430E-3
-9.25430E-3
-8.28805E-3
-8.93222E-3
-9.25430E-3
-8.28805E-3
-8.61013E-3
-8.93222E-3
-9.25430E-3
-9.25430E-3
-9.25430E-3
-9.25430E-3
-9.25430E-3
