6.83470E+9
4.61730E+8
-3.91481E-1
0.00000E+0
0.00000E+0
0.00000E+0
5.00000E-7
-1.21530E-2
-7.32180E-3
-7.32180E-3
-8.28805E-3
-8.93222E-3
-9.57638E-3
-7.64388E-3
-8.28805E-3
-8.28805E-3
-9.25430E-3
-9.25430E-3
-8.28805E-3
-9.25430E-3
-7.96597E-3
-9.25430E-3
-8.93222E-3
-9.57638E-3
-9.25430E-3
-9.25430E-3
-9.25430E-3
-9.25430E-3
-8.28805E-3
-8.28805E-3
-8.61013E-3
-9.25430E-3
-8.61013E-3
-8.93222E-3
-8.61013E-3
-8.28805E-3
-9.25430E-3
-8.28805E-3
-7.32180E-3
-5.71138E-3
-4.74513E-3
-7.32180E-3
-1.60180E-2
-2.47143E-2
-3.11560E-2
-3.50210E-2
-3.59872E-2
-3.66314E-2
-3.79197E-2
-3.98522E-2
-4.04964E-2
-4.14626E-2
-4.21068E-2
-4.24289E-2
-4.11405E-2
-4.43614E-2
-4.56497E-2
-4.50055E-2
-4.50055E-2
-4.56497E-2
-4.43614E-2
-4.50055E-2
-4.46835E-2
-4.56497E-2
-4.50055E-2
-4.53276E-2
-4.50055E-2
-4.50055E-2
-4.56497E-2
-4.62939E-2
-4.56497E-2
-4.56497E-2
-4.59718E-2
-4.53276E-2
-4.50055E-2
-4.50055E-2
-4.50055E-2
-4.59718E-2
-4.53276E-2
-4.56497E-2
-4.53276E-2
-4.59718E-2
-4.50055E-2
-4.46835E-2
-4.46835E-2
-4.43614E-2
-4.40393E-2
-4.43614E-2
-4.43614E-2
-4.37172E-2
-4.40393E-2
-4.43614E-2
-4.46835E-2
-4.50055E-2
-4.43614E-2
-4.46835E-2
-4.43614E-2
-4.46835E-2
-4.46835E-2
-4.50055E-2
-4.50055E-2
-4.46835E-2
-4.46835E-2
-4.40393E-2
-4.33951E-2
-4.40393E-2
-4.46835E-2
-4.33951E-2
-4.30730E-2
-4.30730E-2
-4.33951E-2
-4.46835E-2
-4.33951E-2
-4.37172E-2
-4.33951E-2
-4.37172E-2
-4.33951E-2
-4.37172E-2
-4.37172E-2
-4.37172E-2
-4.37172E-2
-4.37172E-2
-4.37172E-2
-4.40393E-2
-4.37172E-2
-4.33951E-2
-4.30730E-2
-4.33951E-2
-4.37172E-2
-4.33951E-2
-4.33951E-2
-4.30730E-2
-4.37172E-2
-4.37172E-2
-4.37172E-2
-4.33951E-2
-4.40393E-2
-3.88860E-2
-4.46835E-2
-4.40393E-2
-4.08185E-2
-3.24443E-2
-2.43922E-2
-1.89168E-2
-1.50518E-2
-1.44076E-2
-1.34414E-2
-1.31193E-2
-1.15089E-2
-1.05426E-2
-9.57638E-3
-9.57638E-3
-9.57638E-3
-8.93222E-3
-5.71138E-3
-7.64388E-3
-9.57638E-3
-9.89847E-3
-8.93222E-3
-7.96597E-3
-7.32180E-3
-7.96597E-3
-8.28805E-3
-7.96597E-3
-7.32180E-3
-7.64388E-3
-7.96597E-3
-8.28805E-3
-7.64388E-3
-7.96597E-3
-7.96597E-3
-7.64388E-3
-7.32180E-3
-7.64388E-3
-6.99972E-3
-7.32180E-3
-7.96597E-3
-8.61013E-3
-7.32180E-3
-8.28805E-3
-2.63247E-2
-8.97751E-2
-1.62888E-1
-2.22151E-1
-2.64988E-1
-2.96875E-1
-3.21675E-1
-3.41644E-1
-3.56782E-1
-3.67411E-1
-3.74497E-1
-3.79650E-1
-3.84803E-1
-3.89635E-1
-3.96076E-1
-3.99941E-1
-4.02196E-1
-4.03806E-1
-4.05417E-1
-4.06061E-1
-4.06383E-1
-4.05739E-1
-4.05095E-1
-4.05417E-1
-4.05739E-1
-4.02518E-1
-4.09604E-1
-4.09282E-1
-4.07993E-1
-4.09604E-1
-4.09282E-1
-4.12180E-1
-4.10892E-1
-4.09926E-1
-4.09926E-1
-4.09604E-1
-4.08960E-1
-4.09282E-1
-4.08960E-1
-4.09926E-1
-4.11536E-1
-4.11536E-1
-4.10570E-1
-4.10892E-1
-4.11858E-1
-4.12503E-1
-4.11858E-1
-4.10892E-1
-4.10892E-1
-4.10248E-1
-4.09926E-1
-4.10570E-1
-4.09604E-1
-4.09282E-1
-4.09282E-1
-4.08638E-1
-4.09282E-1
-4.11214E-1
-4.09282E-1
-4.08638E-1
-4.08960E-1
-4.08638E-1
-4.10892E-1
-4.10892E-1
-4.11214E-1
-4.10570E-1
-4.09282E-1
-4.09282E-1
-4.07349E-1
-4.07349E-1
-4.08960E-1
-4.08960E-1
-4.10248E-1
-4.09604E-1
-4.04128E-1
-4.10570E-1
-4.11858E-1
-4.12180E-1
-4.11214E-1
-4.10570E-1
-4.09926E-1
-4.09604E-1
-4.09926E-1
-4.11214E-1
-4.10570E-1
-4.11214E-1
-4.11214E-1
-4.13147E-1
-4.12825E-1
-4.12825E-1
-4.11858E-1
-4.09604E-1
-4.09282E-1
-4.09282E-1
-4.09604E-1
-4.10248E-1
-4.10248E-1
-4.10248E-1
-4.11858E-1
-4.06061E-1
-3.46153E-1
-2.66277E-1
-1.93164E-1
-1.36155E-1
-9.94376E-2
-8.07568E-2
-6.91618E-2
-5.94993E-2
-4.88705E-2
-3.98522E-2
-3.37326E-2
-2.85793E-2
-2.56805E-2
-2.24597E-2
-2.05272E-2
-1.95610E-2
-1.76285E-2
-1.63401E-2
-1.56960E-2
-1.37635E-2
-1.40855E-2
-1.40855E-2
-1.27972E-2
-1.34414E-2
-9.89847E-3
-1.15089E-2
-1.24751E-2
-1.24751E-2
-1.11868E-2
-1.08647E-2
-1.18310E-2
-1.24751E-2
-1.21530E-2
-1.21530E-2
-1.15089E-2
-1.15089E-2
-1.21530E-2
-1.21530E-2
-1.21530E-2
-1.18310E-2
-1.15089E-2
-1.18310E-2
-1.08647E-2
-1.05426E-2
-1.11868E-2
-1.08647E-2
-1.15089E-2
-1.18310E-2
-1.18310E-2
-1.15089E-2
-1.15089E-2
-1.11868E-2
-1.11868E-2
-1.05426E-2
-1.05426E-2
-1.11868E-2
-1.08647E-2
-1.05426E-2
-1.05426E-2
-1.05426E-2
-1.05426E-2
-1.08647E-2
-1.05426E-2
-1.08647E-2
-1.08647E-2
-1.11868E-2
-1.05426E-2
-9.57638E-3
-1.08647E-2
-1.08647E-2
-1.08647E-2
-1.05426E-2
-1.08647E-2
-1.08647E-2
-7.32180E-3
-1.02205E-2
-1.24751E-2
-1.08647E-2
-1.15089E-2
-1.02205E-2
-1.02205E-2
-1.02205E-2
-1.05426E-2
-1.05426E-2
-1.05426E-2
-1.08647E-2
-1.05426E-2
-1.08647E-2
-9.25430E-3
-1.02205E-2
-9.89847E-3
-1.02205E-2
-1.05426E-2
-9.57638E-3
-9.89847E-3
-9.25430E-3
-1.08647E-2
-9.57638E-3
-1.02205E-2
-9.57638E-3
-1.02205E-2
-1.02205E-2
-9.89847E-3
-1.02205E-2
-9.89847E-3
-9.25430E-3
-1.02205E-2
-9.89847E-3
-9.25430E-3
-1.02205E-2
-8.61013E-3
-9.89847E-3
-9.25430E-3
-9.57638E-3
-1.02205E-2
-1.02205E-2
-9.57638E-3
-1.02205E-2
-1.02205E-2
-9.25430E-3
-8.93222E-3
-9.89847E-3
-9.57638E-3
-9.89847E-3
-7.64388E-3
-8.93222E-3
-9.89847E-3
-9.89847E-3
-8.93222E-3
-8.28805E-3
-9.57638E-3
-1.05426E-2
-9.89847E-3
-8.28805E-3
-8.28805E-3
-7.96597E-3
-8.28805E-3
-8.93222E-3
-7.96597E-3
-8.61013E-3
-9.25430E-3
-9.57638E-3
-8.28805E-3
-8.61013E-3
-9.25430E-3
-8.61013E-3
-9.25430E-3
-9.57638E-3
-8.93222E-3
-9.57638E-3
-8.93222E-3
-9.89847E-3
-9.25430E-3
-9.89847E-3
-9.89847E-3
-9.57638E-3
-9.89847E-3
-9.89847E-3
-9.89847E-3
-8.93222E-3
-8.93222E-3
-9.57638E-3
-9.57638E-3
-1.02205E-2
-9.57638E-3
-9.89847E-3
-9.57638E-3
-9.25430E-3
-1.02205E-2
-9.57638E-3
-9.57638E-3
-9.57638E-3
-9.25430E-3
-9.25430E-3
-5.38930E-3
-8.93222E-3
-1.05426E-2
-1.02205E-2
-9.57638E-3
-9.89847E-3
-8.93222E-3
-9.89847E-3
-9.25430E-3
-9.57638E-3
-9.25430E-3
-9.25430E-3
-9.25430E-3
-9.25430E-3
-9.25430E-3
-8.28805E-3
-8.93222E-3
-8.61013E-3
-9.25430E-3
-8.61013E-3
-9.57638E-3
-9.57638E-3
-8.61013E-3
-8.28805E-3
-8.93222E-3
-8.93222E-3
-8.93222E-3
-8.61013E-3
-8.61013E-3
-9.89847E-3
-8.61013E-3
-9.25430E-3
-8.93222E-3
-8.61013E-3
-8.28805E-3
-8.28805E-3
-8.93222E-3
-8.61013E-3
-8.61013E-3
-9.89847E-3
-8.61013E-3
-8.93222E-3
-8.28805E-3
-8.61013E-3
-8.61013E-3
-8.61013E-3
-8.93222E-3
-8.93222E-3
-8.93222E-3
-8.28805E-3
-7.32180E-3
-8.28805E-3
-8.61013E-3
-7.96597E-3
-7.32180E-3
-7.32180E-3
-7.96597E-3
-9.57638E-3
-9.25430E-3
-8.61013E-3
-8.28805E-3
-8.61013E-3
-8.93222E-3
-7.96597E-3
-8.61013E-3
-8.28805E-3
-8.28805E-3
-8.28805E-3
-7.96597E-3
-8.61013E-3
-8.28805E-3
-9.57638E-3
-8.61013E-3
-8.28805E-3
-8.28805E-3
-8.28805E-3
-8.93222E-3
-8.93222E-3
-8.93222E-3
-8.93222E-3
-9.25430E-3
-8.93222E-3
-7.96597E-3
-8.93222E-3
-8.93222E-3
-8.28805E-3
-8.61013E-3
-8.93222E-3
-8.61013E-3
-8.61013E-3
-8.61013E-3
-7.96597E-3
-9.25430E-3
-8.93222E-3
-9.25430E-3
-8.61013E-3
-8.93222E-3
-8.61013E-3
-9.25430E-3
-9.89847E-3
-6.03347E-3
-8.28805E-3
-1.08647E-2
-1.08647E-2
-1.05426E-2
-9.89847E-3
-8.28805E-3
-8.61013E-3
-9.57638E-3
-8.61013E-3
-9.25430E-3
-8.61013E-3
-8.93222E-3
-8.93222E-3
-8.93222E-3
-8.93222E-3
-7.96597E-3
-8.28805E-3
-8.93222E-3
-9.25430E-3
-8.93222E-3
-8.93222E-3
-8.28805E-3
-9.25430E-3
-8.61013E-3
-8.61013E-3
-8.61013E-3
-9.25430E-3
-8.61013E-3
-8.61013E-3
-8.61013E-3
-8.61013E-3
-8.61013E-3
-8.28805E-3
-9.25430E-3
-9.57638E-3
-9.57638E-3
-9.25430E-3
-8.61013E-3
-8.93222E-3
-8.61013E-3
-8.28805E-3
-8.61013E-3
-9.25430E-3
-8.93222E-3
-8.61013E-3
-8.61013E-3
-7.96597E-3
-8.28805E-3
-8.61013E-3
-5.38930E-3
-6.67763E-3
-9.25430E-3
-8.61013E-3
-7.32180E-3
-7.64388E-3
-8.28805E-3
-9.89847E-3
-9.89847E-3
-8.61013E-3
-8.93222E-3
-8.61013E-3
-8.61013E-3
