6.83463E+9
4.61660E+8
-3.78757E-1
0.00000E+0
0.00000E+0
0.00000E+0
5.00000E-7
-1.21530E-2
-9.25430E-3
-8.93222E-3
-9.25430E-3
-9.57638E-3
-8.61013E-3
-8.93222E-3
-8.61013E-3
-9.25430E-3
-8.93222E-3
-8.93222E-3
-8.93222E-3
-9.89847E-3
-9.57638E-3
-8.93222E-3
-1.05426E-2
-9.57638E-3
-1.02205E-2
-9.89847E-3
-9.57638E-3
-9.89847E-3
-1.02205E-2
-9.57638E-3
-9.89847E-3
-1.56960E-2
-1.08647E-2
-7.96597E-3
-9.57638E-3
-8.93222E-3
-9.57638E-3
-9.25430E-3
-8.61013E-3
-7.32180E-3
-5.06722E-3
-6.03347E-3
-9.89847E-3
-1.56960E-2
-1.95610E-2
-2.14935E-2
-2.31039E-2
-2.24597E-2
-2.37480E-2
-2.50364E-2
-2.56805E-2
-2.63247E-2
-2.69689E-2
-2.66468E-2
-2.69689E-2
-2.72910E-2
-2.79351E-2
-2.76130E-2
-2.76130E-2
-2.82572E-2
-2.82572E-2
-2.89014E-2
-2.82572E-2
-2.82572E-2
-2.76130E-2
-2.82572E-2
-2.79351E-2
-2.82572E-2
-2.89014E-2
-2.82572E-2
-2.89014E-2
-2.89014E-2
-2.85793E-2
-2.79351E-2
-2.92235E-2
-2.92235E-2
-2.85793E-2
-2.82572E-2
-2.85793E-2
-2.76130E-2
-2.82572E-2
-2.37480E-2
-2.72910E-2
-2.85793E-2
-2.79351E-2
-2.89014E-2
-2.92235E-2
-2.92235E-2
-2.72910E-2
-2.79351E-2
-2.82572E-2
-2.79351E-2
-2.79351E-2
-2.82572E-2
-2.85793E-2
-2.85793E-2
-2.82572E-2
-2.85793E-2
-2.85793E-2
-2.92235E-2
-2.85793E-2
-2.89014E-2
-2.89014E-2
-2.95455E-2
-2.95455E-2
-2.92235E-2
-2.92235E-2
-2.89014E-2
-2.89014E-2
-2.85793E-2
-2.92235E-2
-2.98676E-2
-2.89014E-2
-2.98676E-2
-2.92235E-2
-2.98676E-2
-2.98676E-2
-2.95455E-2
-2.95455E-2
-2.82572E-2
-2.92235E-2
-2.85793E-2
-2.85793E-2
-2.89014E-2
-2.85793E-2
-2.89014E-2
-2.89014E-2
-2.85793E-2
-2.79351E-2
-2.79351E-2
-2.85793E-2
-3.37326E-2
-2.79351E-2
-2.63247E-2
-2.85793E-2
-2.85793E-2
-2.89014E-2
-2.31039E-2
-2.82572E-2
-2.89014E-2
-2.72910E-2
-2.18155E-2
-1.79505E-2
-1.37635E-2
-1.27972E-2
-1.18310E-2
-1.08647E-2
-1.08647E-2
-1.08647E-2
-1.02205E-2
-9.89847E-3
-1.05426E-2
-9.89847E-3
-9.57638E-3
-9.25430E-3
-8.28805E-3
-8.28805E-3
-7.96597E-3
-7.64388E-3
-7.64388E-3
-7.96597E-3
-7.96597E-3
-7.32180E-3
-7.32180E-3
-7.64388E-3
-8.28805E-3
-7.96597E-3
-9.25430E-3
-8.28805E-3
-7.32180E-3
-8.28805E-3
-7.96597E-3
-7.64388E-3
-8.28805E-3
-8.61013E-3
-7.96597E-3
-7.96597E-3
-8.28805E-3
-7.64388E-3
-7.64388E-3
-2.43922E-2
-8.14009E-2
-1.58057E-1
-2.15388E-1
-2.53393E-1
-2.86568E-1
-3.10080E-1
-3.31015E-1
-3.43255E-1
-3.53239E-1
-3.62258E-1
-3.69021E-1
-3.73530E-1
-3.79006E-1
-3.82549E-1
-3.84803E-1
-3.88024E-1
-3.90279E-1
-3.90923E-1
-3.92533E-1
-3.92855E-1
-3.92533E-1
-3.93500E-1
-3.93500E-1
-3.95432E-1
-3.96076E-1
-3.97687E-1
-3.98009E-1
-3.97365E-1
-3.96398E-1
-3.97687E-1
-3.98331E-1
-3.97043E-1
-3.97043E-1
-3.97365E-1
-3.98653E-1
-3.99941E-1
-4.00263E-1
-3.99941E-1
-3.98331E-1
-3.98331E-1
-3.98009E-1
-3.98653E-1
-3.98331E-1
-3.97043E-1
-3.96720E-1
-3.97043E-1
-3.98653E-1
-3.97365E-1
-3.95110E-1
-3.95432E-1
-4.04773E-1
-3.97043E-1
-3.92211E-1
-3.95754E-1
-3.94144E-1
-3.95432E-1
-3.95110E-1
-3.96398E-1
-3.97365E-1
-3.96398E-1
-3.97365E-1
-3.96720E-1
-3.97687E-1
-3.96720E-1
-3.98331E-1
-3.98653E-1
-3.99619E-1
-3.98975E-1
-3.99297E-1
-3.99941E-1
-3.99619E-1
-3.98331E-1
-3.97365E-1
-3.97365E-1
-3.97043E-1
-3.96398E-1
-3.98009E-1
-3.97687E-1
-3.96720E-1
-3.97365E-1
-3.96398E-1
-3.97043E-1
-3.96398E-1
-3.94466E-1
-3.94144E-1
-3.94466E-1
-3.95432E-1
-3.96398E-1
-3.97043E-1
-3.97043E-1
-3.96720E-1
-3.96720E-1
-3.98009E-1
-3.98331E-1
-3.96720E-1
-3.97043E-1
-3.97043E-1
-3.98653E-1
-3.93822E-1
-3.37779E-1
-2.55970E-1
-1.86400E-1
-1.33256E-1
-9.75051E-2
-7.88243E-2
-6.65851E-2
-5.62785E-2
-4.66160E-2
-3.82418E-2
-3.21222E-2
-2.69689E-2
-2.40701E-2
-2.11714E-2
-2.02051E-2
-1.76285E-2
-1.56960E-2
-1.47297E-2
-1.44076E-2
-1.40855E-2
-1.37635E-2
-1.37635E-2
-1.34414E-2
-1.24751E-2
-1.24751E-2
-1.34414E-2
-1.18310E-2
-1.15089E-2
-1.08647E-2
-1.18310E-2
-1.08647E-2
-1.15089E-2
-1.05426E-2
-1.15089E-2
-1.15089E-2
-1.08647E-2
-1.08647E-2
-1.08647E-2
-1.08647E-2
-1.05426E-2
-1.05426E-2
-1.11868E-2
-1.08647E-2
-1.11868E-2
-1.08647E-2
-1.15089E-2
-1.08647E-2
-1.18310E-2
-1.08647E-2
-1.11868E-2
-1.08647E-2
-1.69843E-2
-1.24751E-2
-9.25430E-3
-1.11868E-2
-1.05426E-2
-1.15089E-2
-1.08647E-2
-9.89847E-3
-9.89847E-3
-1.02205E-2
-1.08647E-2
-9.89847E-3
-9.89847E-3
-9.89847E-3
-1.05426E-2
-1.05426E-2
-9.89847E-3
-9.89847E-3
-9.25430E-3
-9.25430E-3
-1.05426E-2
-1.02205E-2
-1.05426E-2
-9.57638E-3
-9.57638E-3
-1.02205E-2
-9.57638E-3
-9.25430E-3
-9.57638E-3
-9.57638E-3
-9.25430E-3
-9.89847E-3
-9.25430E-3
-9.89847E-3
-9.25430E-3
-9.57638E-3
-9.89847E-3
-9.25430E-3
-8.93222E-3
-9.57638E-3
-9.57638E-3
-9.25430E-3
-9.25430E-3
-9.25430E-3
-9.25430E-3
-9.57638E-3
-8.61013E-3
-9.89847E-3
-9.57638E-3
-9.25430E-3
-3.77888E-3
-7.96597E-3
-1.05426E-2
-9.57638E-3
-1.02205E-2
-8.93222E-3
-9.57638E-3
-9.25430E-3
-8.93222E-3
-9.25430E-3
-8.61013E-3
-9.57638E-3
-1.02205E-2
-1.05426E-2
-9.89847E-3
-9.25430E-3
-8.61013E-3
-9.25430E-3
-1.05426E-2
-9.57638E-3
-9.25430E-3
-9.89847E-3
-9.89847E-3
-9.89847E-3
-9.89847E-3
-9.89847E-3
-9.57638E-3
-9.25430E-3
-8.93222E-3
-8.28805E-3
-8.93222E-3
-8.61013E-3
-9.25430E-3
-9.25430E-3
-8.61013E-3
-9.25430E-3
-9.25430E-3
-9.25430E-3
-8.93222E-3
-8.61013E-3
-9.25430E-3
-8.93222E-3
-9.57638E-3
-9.25430E-3
-8.93222E-3
-9.25430E-3
-8.93222E-3
-8.28805E-3
-8.61013E-3
-8.61013E-3
-1.47297E-2
-1.05426E-2
-6.67763E-3
-7.96597E-3
-7.64388E-3
-8.61013E-3
-8.61013E-3
-7.96597E-3
-8.61013E-3
-8.61013E-3
-8.28805E-3
-8.61013E-3
-7.96597E-3
-8.28805E-3
-8.61013E-3
-8.28805E-3
-7.96597E-3
-8.61013E-3
-7.96597E-3
-8.28805E-3
-8.28805E-3
-8.61013E-3
-8.28805E-3
-8.61013E-3
-8.61013E-3
-8.28805E-3
-9.25430E-3
-8.61013E-3
-8.28805E-3
-8.61013E-3
-8.28805E-3
-7.96597E-3
-7.32180E-3
-7.64388E-3
-7.64388E-3
-8.28805E-3
-8.93222E-3
-8.61013E-3
-8.61013E-3
-8.28805E-3
-8.61013E-3
-8.93222E-3
-8.93222E-3
-8.61013E-3
-9.25430E-3
-9.25430E-3
-1.02205E-2
-9.57638E-3
-9.57638E-3
-9.25430E-3
-4.74513E-3
-7.64388E-3
-8.93222E-3
-9.57638E-3
-9.89847E-3
-9.25430E-3
-9.25430E-3
-8.93222E-3
-8.61013E-3
-8.93222E-3
-7.96597E-3
-8.28805E-3
-8.93222E-3
-8.61013E-3
-9.25430E-3
-8.28805E-3
-8.61013E-3
-9.25430E-3
-9.25430E-3
-9.25430E-3
-8.93222E-3
-9.25430E-3
-8.93222E-3
-8.61013E-3
-8.93222E-3
-8.61013E-3
-8.28805E-3
-8.61013E-3
-8.28805E-3
-8.28805E-3
-8.61013E-3
-9.25430E-3
-8.61013E-3
-8.61013E-3
-7.96597E-3
-9.57638E-3
-9.25430E-3
-8.61013E-3
-8.28805E-3
-8.28805E-3
-8.28805E-3
-8.61013E-3
-8.93222E-3
-8.61013E-3
-8.61013E-3
-8.61013E-3
-1.02205E-2
-9.25430E-3
-8.61013E-3
-8.61013E-3
-1.40855E-2
-9.89847E-3
-6.35555E-3
-8.93222E-3
-8.28805E-3
-8.28805E-3
-8.61013E-3
-8.28805E-3
-8.28805E-3
-8.28805E-3
-8.93222E-3
-8.93222E-3
-9.25430E-3
-8.93222E-3
-8.28805E-3
-8.93222E-3
-8.93222E-3
-8.93222E-3
-8.93222E-3
-8.28805E-3
-8.93222E-3
-8.28805E-3
-8.93222E-3
-9.57638E-3
-8.93222E-3
-9.89847E-3
-8.93222E-3
-9.25430E-3
-8.28805E-3
-7.96597E-3
-8.61013E-3
-7.96597E-3
-8.61013E-3
-8.28805E-3
-8.28805E-3
-8.28805E-3
-8.93222E-3
-9.25430E-3
-8.93222E-3
-8.61013E-3
-9.25430E-3
-8.28805E-3
-8.28805E-3
-9.25430E-3
-9.25430E-3
-9.25430E-3
-8.61013E-3
-8.93222E-3
-8.28805E-3
-9.25430E-3
-4.42305E-3
-8.28805E-3
-8.93222E-3
-8.28805E-3
-9.25430E-3
-8.93222E-3
-9.25430E-3
-8.61013E-3
-7.64388E-3
-9.25430E-3
-9.25430E-3
-8.61013E-3
-8.28805E-3
-8.93222E-3
-8.61013E-3
-8.93222E-3
-9.25430E-3
-8.28805E-3
-9.57638E-3
-9.89847E-3
-9.57638E-3
-9.25430E-3
-9.25430E-3
-8.93222E-3
-9.25430E-3
-8.61013E-3
-8.93222E-3
-9.25430E-3
-8.61013E-3
-9.25430E-3
-9.57638E-3
-9.57638E-3
-8.93222E-3
-9.25430E-3
-8.93222E-3
-8.61013E-3
