6.83506E+9
4.62090E+8
-3.80866E-1
0.00000E+0
0.00000E+0
0.00000E+0
5.00000E-7
-1.15089E-2
-7.96597E-3
-8.28805E-3
-8.61013E-3
-7.32180E-3
-8.28805E-3
-7.64388E-3
-7.64388E-3
-7.96597E-3
-7.96597E-3
-7.64388E-3
-7.32180E-3
-7.32180E-3
-7.96597E-3
-7.64388E-3
-7.96597E-3
-8.28805E-3
-8.61013E-3
-8.28805E-3
-7.96597E-3
-8.61013E-3
-7.96597E-3
-7.96597E-3
-8.28805E-3
-8.28805E-3
-1.53739E-2
-8.93222E-3
-5.38930E-3
-7.32180E-3
-7.64388E-3
-8.61013E-3
-6.67763E-3
-4.42305E-3
-4.42305E-3
-1.27972E-2
-3.11560E-2
-4.88705E-2
-6.01434E-2
-6.52968E-2
-6.88397E-2
-7.23826E-2
-7.46372E-2
-7.78580E-2
-7.97905E-2
-8.14009E-2
-8.30114E-2
-8.30114E-2
-8.39776E-2
-8.39776E-2
-8.46218E-2
-8.46218E-2
-8.46218E-2
-8.52659E-2
-8.49439E-2
-8.55880E-2
-8.52659E-2
-8.52659E-2
-8.52659E-2
-8.55880E-2
-8.55880E-2
-8.55880E-2
-8.59101E-2
-8.55880E-2
-8.55880E-2
-8.55880E-2
-8.55880E-2
-8.52659E-2
-8.55880E-2
-8.62322E-2
-8.62322E-2
-8.62322E-2
-8.59101E-2
-8.65543E-2
-8.65543E-2
-8.55880E-2
-8.01126E-2
-8.71984E-2
-8.84868E-2
-8.46218E-2
-8.55880E-2
-8.55880E-2
-8.55880E-2
-8.46218E-2
-8.46218E-2
-8.46218E-2
-8.46218E-2
-8.46218E-2
-8.39776E-2
-8.46218E-2
-8.39776E-2
-8.36555E-2
-8.36555E-2
-8.33334E-2
-8.33334E-2
-8.33334E-2
-8.36555E-2
-8.36555E-2
-8.39776E-2
-8.30114E-2
-8.39776E-2
-8.36555E-2
-8.26893E-2
-8.23672E-2
-8.23672E-2
-8.30114E-2
-8.20451E-2
-8.14009E-2
-8.23672E-2
-8.07568E-2
-8.20451E-2
-8.17230E-2
-8.14009E-2
-8.17230E-2
-8.17230E-2
-8.17230E-2
-8.10789E-2
-8.07568E-2
-8.14009E-2
-8.17230E-2
-8.07568E-2
-8.07568E-2
-8.01126E-2
-8.04347E-2
-8.01126E-2
-7.94684E-2
-8.84868E-2
-7.91464E-2
-7.65697E-2
-7.97905E-2
-7.97905E-2
-7.62476E-2
-7.91464E-2
-7.85022E-2
-7.01280E-2
-5.53122E-2
-3.92080E-2
-2.69689E-2
-2.14935E-2
-1.89168E-2
-1.82726E-2
-1.66622E-2
-1.37635E-2
-1.15089E-2
-1.05426E-2
-9.25430E-3
-9.25430E-3
-8.93222E-3
-8.61013E-3
-8.28805E-3
-7.96597E-3
-8.28805E-3
-7.96597E-3
-7.64388E-3
-7.64388E-3
-7.32180E-3
-7.64388E-3
-6.99972E-3
-7.96597E-3
-7.32180E-3
-7.32180E-3
-7.96597E-3
-7.32180E-3
-6.99972E-3
-7.32180E-3
-7.64388E-3
-6.99972E-3
-7.96597E-3
-6.99972E-3
-7.32180E-3
-7.64388E-3
-6.99972E-3
-6.67763E-3
-7.96597E-3
-2.95455E-2
-9.62168E-2
-1.60311E-1
-2.23762E-1
-2.66599E-1
-2.92365E-1
-3.15878E-1
-3.32304E-1
-3.46475E-1
-3.56782E-1
-3.64190E-1
-3.70954E-1
-3.77395E-1
-3.82227E-1
-3.85448E-1
-3.88668E-1
-3.89635E-1
-3.91889E-1
-3.92855E-1
-3.92855E-1
-3.93178E-1
-3.93822E-1
-3.95754E-1
-3.97365E-1
-3.99297E-1
-3.98653E-1
-3.98009E-1
-3.99619E-1
-4.00263E-1
-4.00585E-1
-4.00263E-1
-4.00585E-1
-4.00263E-1
-4.01230E-1
-4.01230E-1
-4.00585E-1
-4.00908E-1
-4.01552E-1
-4.00908E-1
-4.00908E-1
-4.00908E-1
-4.01230E-1
-4.00585E-1
-4.00263E-1
-3.99297E-1
-3.98331E-1
-3.98331E-1
-3.98653E-1
-3.98653E-1
-3.99619E-1
-3.99941E-1
-3.98331E-1
-4.07993E-1
-3.98975E-1
-3.92855E-1
-3.97043E-1
-3.98331E-1
-4.00263E-1
-3.97365E-1
-3.97043E-1
-3.98331E-1
-3.98975E-1
-3.98975E-1
-3.98653E-1
-3.97687E-1
-3.98009E-1
-3.98653E-1
-3.99941E-1
-3.99619E-1
-3.99297E-1
-3.98975E-1
-3.98653E-1
-3.99297E-1
-4.01874E-1
-4.02518E-1
-3.99941E-1
-3.98009E-1
-3.98331E-1
-3.99297E-1
-3.98975E-1
-3.99619E-1
-3.98653E-1
-3.99941E-1
-3.99941E-1
-3.97687E-1
-3.98009E-1
-3.98331E-1
-3.98653E-1
-3.99297E-1
-3.98975E-1
-3.99297E-1
-3.99619E-1
-3.98331E-1
-3.99619E-1
-3.98653E-1
-3.98975E-1
-3.99619E-1
-4.00263E-1
-4.00908E-1
-3.96076E-1
-3.38423E-1
-2.60157E-1
-1.84145E-1
-1.33578E-1
-9.97597E-2
-7.75359E-2
-6.62630E-2
-5.66005E-2
-4.66160E-2
-3.82418E-2
-3.08339E-2
-2.66468E-2
-2.24597E-2
-2.14935E-2
-1.92389E-2
-1.76285E-2
-1.56960E-2
-1.47297E-2
-1.40855E-2
-1.34414E-2
-1.34414E-2
-1.31193E-2
-1.27972E-2
-1.18310E-2
-1.21530E-2
-1.15089E-2
-1.11868E-2
-1.15089E-2
-1.08647E-2
-1.08647E-2
-1.02205E-2
-9.89847E-3
-1.05426E-2
-1.05426E-2
-1.05426E-2
-1.08647E-2
-1.02205E-2
-1.02205E-2
-9.89847E-3
-1.02205E-2
-1.05426E-2
-1.05426E-2
-1.02205E-2
-1.02205E-2
-9.57638E-3
-1.08647E-2
-1.02205E-2
-9.57638E-3
-9.89847E-3
-9.25430E-3
-1.02205E-2
-1.02205E-2
-1.79505E-2
-1.05426E-2
-6.35555E-3
-9.25430E-3
-9.57638E-3
-9.25430E-3
-8.93222E-3
-8.93222E-3
-8.93222E-3
-9.57638E-3
-9.25430E-3
-8.28805E-3
-8.93222E-3
-9.25430E-3
-9.25430E-3
-8.28805E-3
-9.57638E-3
-8.61013E-3
-8.93222E-3
-8.28805E-3
-8.28805E-3
-8.61013E-3
-8.61013E-3
-8.61013E-3
-8.28805E-3
-8.61013E-3
-8.28805E-3
-8.28805E-3
-8.28805E-3
-8.61013E-3
-8.28805E-3
-8.93222E-3
-7.64388E-3
-8.93222E-3
-9.25430E-3
-9.57638E-3
-9.25430E-3
-9.25430E-3
-8.28805E-3
-9.25430E-3
-8.61013E-3
-9.57638E-3
-9.25430E-3
-8.28805E-3
-8.61013E-3
-8.61013E-3
-9.25430E-3
-8.61013E-3
-9.25430E-3
-8.93222E-3
-5.06722E-3
-1.02205E-2
-1.15089E-2
-9.25430E-3
-8.61013E-3
-8.61013E-3
-9.25430E-3
-8.93222E-3
-8.28805E-3
-9.25430E-3
-8.28805E-3
-8.93222E-3
-9.25430E-3
-8.28805E-3
-8.93222E-3
-8.61013E-3
-8.61013E-3
-9.25430E-3
-8.61013E-3
-8.28805E-3
-7.64388E-3
-8.28805E-3
-8.28805E-3
-7.96597E-3
-8.28805E-3
-7.32180E-3
-8.28805E-3
-7.96597E-3
-7.64388E-3
-8.28805E-3
-7.96597E-3
-8.61013E-3
-7.96597E-3
-8.28805E-3
-7.64388E-3
-8.28805E-3
-7.96597E-3
-7.96597E-3
-8.28805E-3
-8.28805E-3
-7.96597E-3
-8.28805E-3
-6.99972E-3
-7.32180E-3
-8.28805E-3
-7.64388E-3
-7.32180E-3
-7.64388E-3
-7.96597E-3
-7.96597E-3
-1.60180E-2
-8.61013E-3
-5.06722E-3
-7.32180E-3
-6.99972E-3
-8.61013E-3
-7.96597E-3
-6.99972E-3
-8.61013E-3
-7.96597E-3
-7.64388E-3
-7.96597E-3
-7.32180E-3
-7.96597E-3
-8.93222E-3
-7.64388E-3
-8.28805E-3
-7.64388E-3
-8.61013E-3
-8.28805E-3
-7.32180E-3
-7.64388E-3
-8.28805E-3
-7.96597E-3
-8.28805E-3
-8.61013E-3
-8.28805E-3
-8.61013E-3
-8.28805E-3
-9.25430E-3
-8.28805E-3
-9.25430E-3
-7.96597E-3
-8.93222E-3
-7.64388E-3
-7.64388E-3
-7.96597E-3
-7.64388E-3
-7.96597E-3
-8.28805E-3
-8.61013E-3
-7.64388E-3
-8.28805E-3
-8.61013E-3
-8.28805E-3
-8.28805E-3
-8.93222E-3
-8.28805E-3
-8.28805E-3
-8.28805E-3
-4.10097E-3
-8.93222E-3
-1.05426E-2
-8.93222E-3
-8.28805E-3
-8.28805E-3
-8.28805E-3
-7.96597E-3
-8.28805E-3
-7.32180E-3
-7.64388E-3
-7.64388E-3
-7.96597E-3
-7.64388E-3
-8.61013E-3
-7.64388E-3
-7.96597E-3
-8.61013E-3
-8.28805E-3
-7.64388E-3
-8.61013E-3
-7.96597E-3
-8.28805E-3
-7.96597E-3
-7.96597E-3
-7.64388E-3
-7.96597E-3
-7.96597E-3
-7.96597E-3
-8.28805E-3
-7.96597E-3
-9.25430E-3
-8.28805E-3
-8.61013E-3
-8.61013E-3
-8.93222E-3
-8.61013E-3
-7.96597E-3
-8.28805E-3
-7.96597E-3
-7.96597E-3
-8.28805E-3
-7.96597E-3
-7.96597E-3
-8.28805E-3
-7.96597E-3
-8.28805E-3
-7.96597E-3
-8.61013E-3
-7.64388E-3
-1.47297E-2
-7.96597E-3
-4.10097E-3
-6.99972E-3
-8.28805E-3
-8.61013E-3
-7.96597E-3
-7.32180E-3
-7.96597E-3
-7.96597E-3
-9.25430E-3
-7.96597E-3
-8.61013E-3
-8.28805E-3
-7.96597E-3
-6.99972E-3
-7.64388E-3
-7.32180E-3
-7.96597E-3
-7.32180E-3
-7.32180E-3
-7.96597E-3
-8.28805E-3
-7.96597E-3
-8.61013E-3
-7.32180E-3
-8.28805E-3
-7.96597E-3
-7.96597E-3
-7.96597E-3
-7.32180E-3
-7.64388E-3
-7.64388E-3
-7.64388E-3
-7.64388E-3
-8.28805E-3
-7.64388E-3
-7.64388E-3
-7.96597E-3
-8.28805E-3
-7.96597E-3
-7.32180E-3
-7.96597E-3
-8.28805E-3
-7.32180E-3
-7.32180E-3
-7.64388E-3
-7.96597E-3
-8.28805E-3
-7.96597E-3
-4.10097E-3
-8.61013E-3
-1.02205E-2
-8.61013E-3
-8.61013E-3
-8.28805E-3
-8.28805E-3
-8.93222E-3
-8.28805E-3
-7.96597E-3
-7.96597E-3
-8.28805E-3
-7.64388E-3
-7.64388E-3
-8.28805E-3
-8.28805E-3
-7.96597E-3
-8.28805E-3
-8.61013E-3
-7.96597E-3
-8.28805E-3
-8.93222E-3
-8.61013E-3
-8.93222E-3
-8.61013E-3
-8.28805E-3
-7.64388E-3
-8.28805E-3
-7.64388E-3
-7.96597E-3
-7.96597E-3
-8.28805E-3
-7.96597E-3
-7.96597E-3
-8.28805E-3
