6.83503E+9
4.62060E+8
-3.81291E-1
0.00000E+0
0.00000E+0
0.00000E+0
5.00000E-7
-1.18310E-2
-8.61013E-3
-7.32180E-3
-6.35555E-3
-6.99972E-3
-8.61013E-3
-7.32180E-3
-6.99972E-3
-6.99972E-3
-7.32180E-3
-7.64388E-3
-7.32180E-3
-6.99972E-3
-6.99972E-3
-7.64388E-3
-7.32180E-3
-7.64388E-3
-7.64388E-3
-6.99972E-3
-7.96597E-3
-8.61013E-3
-7.64388E-3
-7.64388E-3
-7.96597E-3
-7.96597E-3
-7.64388E-3
-7.96597E-3
-7.64388E-3
-7.96597E-3
-8.28805E-3
-7.32180E-3
-6.67763E-3
-5.38930E-3
-4.10097E-3
-1.21530E-2
-2.95455E-2
-4.66160E-2
-5.75668E-2
-6.33643E-2
-6.69072E-2
-6.98059E-2
-7.36709E-2
-7.23826E-2
-7.65697E-2
-7.94684E-2
-8.01126E-2
-8.26893E-2
-8.26893E-2
-8.23672E-2
-8.30114E-2
-8.23672E-2
-8.33334E-2
-8.33334E-2
-8.36555E-2
-8.36555E-2
-8.30114E-2
-8.33334E-2
-8.36555E-2
-8.36555E-2
-8.33334E-2
-8.33334E-2
-8.33334E-2
-8.36555E-2
-8.36555E-2
-8.39776E-2
-8.36555E-2
-8.36555E-2
-8.39776E-2
-8.30114E-2
-8.23672E-2
-8.26893E-2
-8.30114E-2
-8.30114E-2
-8.30114E-2
-8.30114E-2
-8.36555E-2
-8.36555E-2
-8.33334E-2
-8.30114E-2
-8.30114E-2
-8.26893E-2
-8.20451E-2
-8.14009E-2
-8.07568E-2
-8.14009E-2
-8.20451E-2
-8.14009E-2
-8.14009E-2
-8.07568E-2
-8.07568E-2
-8.10789E-2
-8.04347E-2
-8.30114E-2
-8.14009E-2
-7.94684E-2
-8.10789E-2
-8.10789E-2
-8.07568E-2
-8.04347E-2
-8.14009E-2
-8.23672E-2
-8.14009E-2
-8.04347E-2
-8.04347E-2
-8.04347E-2
-8.10789E-2
-7.97905E-2
-8.01126E-2
-7.97905E-2
-8.01126E-2
-8.01126E-2
-7.97905E-2
-8.07568E-2
-8.04347E-2
-8.01126E-2
-7.94684E-2
-7.91464E-2
-7.97905E-2
-7.91464E-2
-7.94684E-2
-7.85022E-2
-7.85022E-2
-7.75359E-2
-7.81801E-2
-7.78580E-2
-7.78580E-2
-7.81801E-2
-7.75359E-2
-7.81801E-2
-7.75359E-2
-7.27047E-2
-7.78580E-2
-7.75359E-2
-6.94839E-2
-5.37018E-2
-3.82418E-2
-2.69689E-2
-2.11714E-2
-1.92389E-2
-1.76285E-2
-1.60180E-2
-1.34414E-2
-8.93222E-3
-9.25430E-3
-9.25430E-3
-9.25430E-3
-9.57638E-3
-1.02205E-2
-9.89847E-3
-8.61013E-3
-7.64388E-3
-7.96597E-3
-8.61013E-3
-8.61013E-3
-7.32180E-3
-7.32180E-3
-7.32180E-3
-7.64388E-3
-7.64388E-3
-7.64388E-3
-8.28805E-3
-7.64388E-3
-7.64388E-3
-7.64388E-3
-6.99972E-3
-7.32180E-3
-6.99972E-3
-7.96597E-3
-7.32180E-3
-7.32180E-3
-7.32180E-3
-6.67763E-3
-6.99972E-3
-2.82572E-2
-9.49284E-2
-1.65143E-1
-2.20863E-1
-2.61445E-1
-2.92365E-1
-3.15233E-1
-3.34880E-1
-3.49052E-1
-3.59359E-1
-3.67733E-1
-3.73208E-1
-3.79006E-1
-3.81905E-1
-3.85770E-1
-3.88990E-1
-3.91245E-1
-3.92855E-1
-3.94144E-1
-3.98331E-1
-3.96076E-1
-3.93178E-1
-3.98653E-1
-3.97043E-1
-3.98009E-1
-3.98009E-1
-3.99297E-1
-4.01552E-1
-3.99619E-1
-4.00263E-1
-4.00585E-1
-3.99619E-1
-3.98975E-1
-3.97687E-1
-3.98653E-1
-4.00585E-1
-4.01230E-1
-4.01552E-1
-4.00263E-1
-3.99297E-1
-4.00585E-1
-4.00263E-1
-3.98975E-1
-3.99297E-1
-3.97687E-1
-3.98653E-1
-3.98653E-1
-3.98653E-1
-3.98331E-1
-3.99297E-1
-4.00908E-1
-3.99941E-1
-3.99619E-1
-4.00263E-1
-4.01552E-1
-4.02840E-1
-4.01552E-1
-4.01230E-1
-4.00585E-1
-3.99941E-1
-3.99297E-1
-3.98975E-1
-3.98975E-1
-3.97043E-1
-3.95754E-1
-3.97043E-1
-3.97365E-1
-3.99619E-1
-3.98653E-1
-3.96076E-1
-3.99941E-1
-4.04128E-1
-4.02196E-1
-4.03806E-1
-4.02518E-1
-4.02840E-1
-4.02196E-1
-4.00908E-1
-4.01230E-1
-3.99297E-1
-3.99297E-1
-3.99619E-1
-3.99297E-1
-3.98653E-1
-3.96720E-1
-3.97687E-1
-3.98009E-1
-3.99297E-1
-3.99619E-1
-3.99297E-1
-3.99619E-1
-4.00585E-1
-4.00908E-1
-4.01552E-1
-4.01874E-1
-4.01230E-1
-4.00908E-1
-4.00908E-1
-4.00908E-1
-3.95110E-1
-3.37779E-1
-2.59191E-1
-1.87044E-1
-1.32290E-1
-9.75051E-2
-7.85022E-2
-6.72293E-2
-5.66005E-2
-4.69380E-2
-3.82418E-2
-3.14780E-2
-2.72910E-2
-2.34260E-2
-2.14935E-2
-1.89168E-2
-1.69843E-2
-1.60180E-2
-1.40855E-2
-1.40855E-2
-1.53739E-2
-1.37635E-2
-1.27972E-2
-1.34414E-2
-1.27972E-2
-1.11868E-2
-1.08647E-2
-1.21530E-2
-1.27972E-2
-1.08647E-2
-1.05426E-2
-1.05426E-2
-1.05426E-2
-1.05426E-2
-1.08647E-2
-1.05426E-2
-1.08647E-2
-1.11868E-2
-1.05426E-2
-1.15089E-2
-1.02205E-2
-1.02205E-2
-1.08647E-2
-1.05426E-2
-9.89847E-3
-9.25430E-3
-1.02205E-2
-9.89847E-3
-1.05426E-2
-1.05426E-2
-1.05426E-2
-9.89847E-3
-1.02205E-2
-9.89847E-3
-8.93222E-3
-1.02205E-2
-9.57638E-3
-9.89847E-3
-1.02205E-2
-1.02205E-2
-9.25430E-3
-1.02205E-2
-9.57638E-3
-9.89847E-3
-1.02205E-2
-9.57638E-3
-9.25430E-3
-9.25430E-3
-9.25430E-3
-9.25430E-3
-6.03347E-3
-8.28805E-3
-9.57638E-3
-8.61013E-3
-1.02205E-2
-1.02205E-2
-1.08647E-2
-9.25430E-3
-9.25430E-3
-9.57638E-3
-9.25430E-3
-9.57638E-3
-9.25430E-3
-8.93222E-3
-9.57638E-3
-9.25430E-3
-9.25430E-3
-9.57638E-3
-9.25430E-3
-9.57638E-3
-8.61013E-3
-8.93222E-3
-9.25430E-3
-8.93222E-3
-9.25430E-3
-9.25430E-3
-7.96597E-3
-8.93222E-3
-8.93222E-3
-8.61013E-3
-8.93222E-3
-8.28805E-3
-8.61013E-3
-8.93222E-3
-9.25430E-3
-8.28805E-3
-7.96597E-3
-8.61013E-3
-8.61013E-3
-8.28805E-3
-8.93222E-3
-8.93222E-3
-9.25430E-3
-8.93222E-3
-8.93222E-3
-8.93222E-3
-9.25430E-3
-8.61013E-3
-8.28805E-3
-8.61013E-3
-9.89847E-3
-8.61013E-3
-8.28805E-3
-8.93222E-3
-8.61013E-3
-7.32180E-3
-6.99972E-3
-8.28805E-3
-9.25430E-3
-8.28805E-3
-8.28805E-3
-9.25430E-3
-8.93222E-3
-8.61013E-3
-8.93222E-3
-9.25430E-3
-8.93222E-3
-8.28805E-3
-9.25430E-3
-8.93222E-3
-7.96597E-3
-8.28805E-3
-8.28805E-3
-8.28805E-3
-7.96597E-3
-8.28805E-3
-8.93222E-3
-8.61013E-3
-8.61013E-3
-8.61013E-3
-8.93222E-3
-8.28805E-3
-8.93222E-3
-8.61013E-3
-7.96597E-3
-7.96597E-3
-7.64388E-3
-7.96597E-3
-7.32180E-3
-7.96597E-3
-7.96597E-3
-8.61013E-3
-8.61013E-3
-8.93222E-3
-9.25430E-3
-8.28805E-3
-8.28805E-3
-8.61013E-3
-7.96597E-3
-7.64388E-3
-5.38930E-3
-7.32180E-3
-7.96597E-3
-7.64388E-3
-9.25430E-3
-9.25430E-3
-9.57638E-3
-7.96597E-3
-7.96597E-3
-8.93222E-3
-8.61013E-3
-9.25430E-3
-8.93222E-3
-8.28805E-3
-8.61013E-3
-9.57638E-3
-8.93222E-3
-8.61013E-3
-8.61013E-3
-8.93222E-3
-8.93222E-3
-7.96597E-3
-8.93222E-3
-8.93222E-3
-8.61013E-3
-8.28805E-3
-8.61013E-3
-8.28805E-3
-1.02205E-2
-8.28805E-3
-8.93222E-3
-9.25430E-3
-9.25430E-3
-8.61013E-3
-7.96597E-3
-8.61013E-3
-8.28805E-3
-8.61013E-3
-8.61013E-3
-8.61013E-3
-8.28805E-3
-8.61013E-3
-8.61013E-3
-9.25430E-3
-8.61013E-3
-8.61013E-3
-8.61013E-3
-8.28805E-3
-8.28805E-3
-8.28805E-3
-1.05426E-2
-7.64388E-3
-7.64388E-3
-8.93222E-3
-8.28805E-3
-6.99972E-3
-6.99972E-3
-7.96597E-3
-8.61013E-3
-8.28805E-3
-7.64388E-3
-7.64388E-3
-8.28805E-3
-8.28805E-3
-8.28805E-3
-8.28805E-3
-7.64388E-3
-7.96597E-3
-8.93222E-3
-8.28805E-3
-8.28805E-3
-8.28805E-3
-8.61013E-3
-8.28805E-3
-8.93222E-3
-8.28805E-3
-8.28805E-3
-7.96597E-3
-8.93222E-3
-8.28805E-3
-7.96597E-3
-8.28805E-3
-8.28805E-3
-7.96597E-3
-7.96597E-3
-8.93222E-3
-8.93222E-3
-8.61013E-3
-8.61013E-3
-8.61013E-3
-8.93222E-3
-8.93222E-3
-8.28805E-3
-8.28805E-3
-7.96597E-3
-7.96597E-3
-7.64388E-3
-7.64388E-3
-8.28805E-3
-7.96597E-3
-6.03347E-3
-6.99972E-3
-7.64388E-3
-7.64388E-3
-8.61013E-3
-9.57638E-3
-8.28805E-3
-7.32180E-3
-6.99972E-3
-8.28805E-3
-8.28805E-3
-7.96597E-3
-7.64388E-3
-7.96597E-3
-9.25430E-3
-8.28805E-3
-8.61013E-3
-7.64388E-3
-7.96597E-3
-7.96597E-3
-7.64388E-3
-7.64388E-3
-7.96597E-3
-6.99972E-3
-7.64388E-3
-7.96597E-3
-6.67763E-3
-7.96597E-3
-8.61013E-3
-7.96597E-3
-8.61013E-3
-7.96597E-3
-7.96597E-3
-8.28805E-3
-7.32180E-3
-7.32180E-3
-6.99972E-3
-7.96597E-3
-6.99972E-3
-8.28805E-3
-7.96597E-3
-8.61013E-3
-8.28805E-3
-8.61013E-3
-7.96597E-3
-7.96597E-3
-7.64388E-3
-7.64388E-3
-8.28805E-3
-7.96597E-3
-9.25430E-3
-7.64388E-3
-7.64388E-3
-7.96597E-3
-7.32180E-3
-6.67763E-3
-6.03347E-3
-7.64388E-3
-8.93222E-3
-8.28805E-3
-7.64388E-3
-7.96597E-3
-7.96597E-3
-8.93222E-3
-8.28805E-3
-8.28805E-3
-8.61013E-3
-6.99972E-3
