6.83484E+9
4.61870E+8
-3.81243E-1
0.00000E+0
0.00000E+0
0.00000E+0
5.00000E-7
-1.11868E-2
-7.32180E-3
-7.32180E-3
-7.64388E-3
-7.64388E-3
-8.28805E-3
-6.99972E-3
-7.32180E-3
-7.96597E-3
-7.64388E-3
-8.28805E-3
-8.61013E-3
-7.96597E-3
-7.96597E-3
-8.61013E-3
-8.93222E-3
-7.96597E-3
-7.96597E-3
-7.64388E-3
-7.64388E-3
-8.28805E-3
-7.96597E-3
-8.61013E-3
-8.28805E-3
-8.61013E-3
-7.96597E-3
-8.61013E-3
-8.28805E-3
-8.61013E-3
-7.96597E-3
-8.28805E-3
-7.32180E-3
-5.71138E-3
-6.35555E-3
-3.77888E-3
-6.99972E-3
-1.50518E-2
-2.02051E-2
-2.31039E-2
-2.27818E-2
-2.47143E-2
-2.53585E-2
-2.66468E-2
-2.76130E-2
-2.79351E-2
-2.72910E-2
-2.82572E-2
-2.82572E-2
-2.85793E-2
-2.98676E-2
-2.92235E-2
-2.98676E-2
-3.05118E-2
-2.89014E-2
-2.95455E-2
-3.08339E-2
-2.98676E-2
-2.98676E-2
-3.01897E-2
-3.08339E-2
-3.11560E-2
-3.11560E-2
-3.11560E-2
-3.05118E-2
-3.11560E-2
-3.18001E-2
-3.11560E-2
-3.21222E-2
-3.14780E-2
-3.05118E-2
-3.14780E-2
-3.14780E-2
-3.18001E-2
-3.11560E-2
-3.11560E-2
-3.11560E-2
-3.11560E-2
-3.14780E-2
-3.14780E-2
-3.11560E-2
-3.18001E-2
-3.08339E-2
-3.01897E-2
-2.82572E-2
-3.43768E-2
-3.40547E-2
-3.05118E-2
-3.18001E-2
-3.14780E-2
-3.18001E-2
-3.08339E-2
-3.11560E-2
-3.11560E-2
-3.24443E-2
-3.11560E-2
-3.11560E-2
-3.05118E-2
-3.11560E-2
-3.11560E-2
-3.21222E-2
-3.14780E-2
-3.01897E-2
-3.08339E-2
-3.01897E-2
-3.14780E-2
-3.18001E-2
-3.11560E-2
-3.08339E-2
-2.98676E-2
-3.05118E-2
-3.01897E-2
-3.01897E-2
-3.14780E-2
-3.05118E-2
-3.05118E-2
-3.05118E-2
-3.08339E-2
-3.05118E-2
-3.11560E-2
-3.05118E-2
-3.05118E-2
-3.08339E-2
-3.08339E-2
-3.08339E-2
-3.08339E-2
-3.01897E-2
-3.05118E-2
-3.14780E-2
-3.08339E-2
-3.01897E-2
-2.60026E-2
-3.11560E-2
-3.27664E-2
-3.21222E-2
-2.14935E-2
-1.47297E-2
-1.34414E-2
-1.18310E-2
-1.21530E-2
-1.08647E-2
-1.18310E-2
-9.57638E-3
-9.57638E-3
-7.96597E-3
-7.96597E-3
-7.32180E-3
-8.28805E-3
-7.96597E-3
-7.32180E-3
-6.99972E-3
-8.28805E-3
-7.32180E-3
-7.64388E-3
-7.32180E-3
-6.99972E-3
-6.67763E-3
-6.99972E-3
-6.99972E-3
-6.99972E-3
-7.32180E-3
-7.64388E-3
-6.99972E-3
-6.67763E-3
-6.67763E-3
-6.67763E-3
-7.32180E-3
-6.67763E-3
-7.64388E-3
-7.32180E-3
-7.64388E-3
-6.99972E-3
-6.35555E-3
-6.35555E-3
-2.27818E-2
-8.33334E-2
-1.53226E-1
-2.09590E-1
-2.51783E-1
-2.84958E-1
-3.10080E-1
-3.29405E-1
-3.43255E-1
-3.56782E-1
-3.60969E-1
-3.77073E-1
-3.81583E-1
-3.81583E-1
-3.85770E-1
-3.89635E-1
-3.93822E-1
-3.94144E-1
-3.95110E-1
-3.95432E-1
-3.95754E-1
-3.96398E-1
-3.94466E-1
-3.94788E-1
-3.94788E-1
-3.96076E-1
-3.97687E-1
-3.99619E-1
-4.00263E-1
-3.98975E-1
-4.00585E-1
-4.01552E-1
-4.01552E-1
-4.00263E-1
-3.99297E-1
-3.98009E-1
-3.98331E-1
-4.01230E-1
-4.01230E-1
-4.01230E-1
-4.01230E-1
-4.01552E-1
-3.99941E-1
-3.99297E-1
-3.99941E-1
-3.98653E-1
-3.97687E-1
-3.98331E-1
-3.98331E-1
-3.99297E-1
-3.98653E-1
-3.98653E-1
-3.99297E-1
-3.99941E-1
-4.00263E-1
-3.98653E-1
-3.98653E-1
-3.98331E-1
-3.99619E-1
-4.00585E-1
-4.05095E-1
-3.96398E-1
-3.96720E-1
-3.99619E-1
-3.99297E-1
-3.99297E-1
-3.98009E-1
-3.99619E-1
-3.98975E-1
-3.97687E-1
-3.98653E-1
-3.97687E-1
-4.00263E-1
-4.00585E-1
-4.00908E-1
-4.00585E-1
-4.00263E-1
-4.00585E-1
-3.98975E-1
-3.98653E-1
-3.99619E-1
-3.99941E-1
-4.01874E-1
-4.01874E-1
-4.02196E-1
-4.01230E-1
-4.00908E-1
-4.01874E-1
-4.02518E-1
-4.03162E-1
-4.02518E-1
-4.02196E-1
-4.01552E-1
-4.02196E-1
-4.02196E-1
-4.02840E-1
-4.01230E-1
-4.00908E-1
-4.01552E-1
-3.93822E-1
-3.36491E-1
-2.59191E-1
-1.86722E-1
-1.31968E-1
-9.68609E-2
-7.75359E-2
-6.65851E-2
-5.69226E-2
-4.72601E-2
-3.82418E-2
-2.79351E-2
-2.98676E-2
-2.66468E-2
-2.14935E-2
-1.95610E-2
-1.73064E-2
-1.69843E-2
-1.53739E-2
-1.37635E-2
-1.44076E-2
-1.37635E-2
-1.37635E-2
-1.31193E-2
-1.21530E-2
-1.24751E-2
-1.21530E-2
-1.21530E-2
-1.18310E-2
-1.21530E-2
-1.18310E-2
-1.11868E-2
-1.05426E-2
-1.11868E-2
-1.11868E-2
-1.11868E-2
-1.18310E-2
-1.15089E-2
-1.18310E-2
-1.11868E-2
-1.18310E-2
-1.08647E-2
-1.08647E-2
-1.08647E-2
-1.08647E-2
-1.11868E-2
-1.08647E-2
-1.08647E-2
-1.05426E-2
-1.05426E-2
-1.05426E-2
-1.05426E-2
-1.05426E-2
-1.08647E-2
-1.02205E-2
-9.89847E-3
-9.89847E-3
-9.57638E-3
-9.57638E-3
-9.89847E-3
-1.05426E-2
-1.24751E-2
-8.28805E-3
-6.03347E-3
-8.61013E-3
-8.93222E-3
-1.02205E-2
-9.25430E-3
-9.57638E-3
-9.57638E-3
-9.57638E-3
-9.25430E-3
-9.25430E-3
-9.57638E-3
-9.25430E-3
-9.25430E-3
-9.57638E-3
-9.89847E-3
-8.93222E-3
-8.61013E-3
-9.25430E-3
-9.25430E-3
-9.25430E-3
-8.93222E-3
-9.25430E-3
-9.57638E-3
-9.25430E-3
-8.61013E-3
-9.25430E-3
-9.25430E-3
-8.93222E-3
-8.28805E-3
-9.25430E-3
-9.25430E-3
-9.25430E-3
-8.61013E-3
-9.25430E-3
-8.93222E-3
-8.93222E-3
-8.61013E-3
-9.25430E-3
-8.93222E-3
-8.93222E-3
-9.25430E-3
-8.61013E-3
-9.25430E-3
-9.25430E-3
-8.28805E-3
-8.28805E-3
-8.28805E-3
-8.93222E-3
-4.74513E-3
-1.08647E-2
-1.11868E-2
-8.28805E-3
-8.93222E-3
-8.61013E-3
-9.57638E-3
-8.28805E-3
-9.25430E-3
-7.96597E-3
-8.61013E-3
-8.61013E-3
-8.28805E-3
-8.61013E-3
-9.25430E-3
-8.61013E-3
-9.25430E-3
-8.93222E-3
-8.61013E-3
-8.61013E-3
-8.28805E-3
-9.25430E-3
-8.28805E-3
-9.25430E-3
-7.96597E-3
-8.61013E-3
-8.61013E-3
-8.93222E-3
-7.96597E-3
-8.61013E-3
-8.61013E-3
-9.25430E-3
-9.89847E-3
-8.28805E-3
-7.96597E-3
-8.28805E-3
-8.28805E-3
-8.28805E-3
-7.64388E-3
-8.28805E-3
-8.28805E-3
-7.96597E-3
-8.28805E-3
-8.28805E-3
-8.93222E-3
-9.25430E-3
-8.61013E-3
-8.61013E-3
-8.93222E-3
-8.93222E-3
-1.08647E-2
-6.99972E-3
-5.06722E-3
-6.67763E-3
-7.64388E-3
-8.28805E-3
-6.99972E-3
-7.96597E-3
-8.61013E-3
-7.96597E-3
-7.32180E-3
-7.96597E-3
-7.64388E-3
-7.96597E-3
-7.96597E-3
-6.99972E-3
-7.64388E-3
-7.64388E-3
-7.96597E-3
-7.96597E-3
-7.96597E-3
-7.32180E-3
-6.99972E-3
-7.64388E-3
-7.32180E-3
-7.32180E-3
-7.32180E-3
-6.99972E-3
-7.32180E-3
-7.32180E-3
-7.32180E-3
-7.32180E-3
-7.96597E-3
-7.32180E-3
-7.32180E-3
-7.32180E-3
-6.67763E-3
-7.64388E-3
-7.64388E-3
-7.96597E-3
-7.96597E-3
-7.64388E-3
-7.32180E-3
-6.99972E-3
-8.28805E-3
-7.96597E-3
-7.64388E-3
-7.64388E-3
-8.28805E-3
-7.64388E-3
-5.38930E-3
-1.02205E-2
-1.05426E-2
-7.64388E-3
-8.28805E-3
-8.61013E-3
-7.96597E-3
-6.99972E-3
-7.96597E-3
-7.32180E-3
-7.64388E-3
-8.28805E-3
-8.61013E-3
-7.32180E-3
-7.32180E-3
-7.64388E-3
-8.61013E-3
-7.96597E-3
-7.64388E-3
-7.96597E-3
-7.64388E-3
-7.96597E-3
-7.64388E-3
-7.96597E-3
-8.28805E-3
-8.28805E-3
-7.64388E-3
-7.32180E-3
-7.64388E-3
-8.28805E-3
-8.61013E-3
-7.32180E-3
-8.28805E-3
-7.64388E-3
-7.96597E-3
-7.32180E-3
-8.28805E-3
-7.32180E-3
-7.32180E-3
-8.28805E-3
-6.99972E-3
-7.32180E-3
-7.32180E-3
-7.64388E-3
-7.32180E-3
-6.67763E-3
-7.64388E-3
-8.28805E-3
-7.64388E-3
-9.25430E-3
-1.11868E-2
-6.67763E-3
-4.74513E-3
-6.99972E-3
-6.99972E-3
-7.64388E-3
-7.32180E-3
-7.96597E-3
-7.32180E-3
-7.32180E-3
-7.32180E-3
-6.99972E-3
-7.64388E-3
-8.28805E-3
-7.96597E-3
-7.96597E-3
-7.64388E-3
-7.64388E-3
-7.64388E-3
-7.32180E-3
-6.67763E-3
-8.28805E-3
-6.99972E-3
-7.96597E-3
-7.64388E-3
-8.28805E-3
-7.64388E-3
-7.96597E-3
-7.32180E-3
-7.32180E-3
-8.28805E-3
-7.64388E-3
-8.28805E-3
-7.64388E-3
-7.96597E-3
-8.28805E-3
-7.96597E-3
-7.96597E-3
-8.61013E-3
-7.96597E-3
-7.64388E-3
-8.93222E-3
-8.28805E-3
-8.61013E-3
-7.64388E-3
-7.64388E-3
-7.96597E-3
-8.28805E-3
-7.96597E-3
-8.28805E-3
-5.06722E-3
-1.05426E-2
-1.02205E-2
-8.28805E-3
-7.32180E-3
-6.99972E-3
-7.32180E-3
-7.64388E-3
-7.64388E-3
-7.96597E-3
-7.96597E-3
-8.28805E-3
-7.64388E-3
-7.64388E-3
-7.32180E-3
-7.96597E-3
-7.96597E-3
-7.96597E-3
-8.28805E-3
-7.96597E-3
-7.96597E-3
-7.96597E-3
-7.64388E-3
-7.64388E-3
-7.64388E-3
-7.96597E-3
-7.96597E-3
