6.83490E+9
4.61930E+8
-3.78139E-1
0.00000E+0
0.00000E+0
0.00000E+0
5.00000E-7
-9.25430E-3
-6.35555E-3
-7.96597E-3
-7.64388E-3
-6.99972E-3
-7.32180E-3
-6.03347E-3
-6.99972E-3
-7.64388E-3
-6.67763E-3
-7.64388E-3
-6.99972E-3
-7.32180E-3
-6.67763E-3
-7.64388E-3
-6.99972E-3
-7.64388E-3
-7.96597E-3
-7.96597E-3
-8.28805E-3
-7.96597E-3
-7.64388E-3
-6.99972E-3
-7.32180E-3
-7.32180E-3
-6.99972E-3
-6.99972E-3
-7.32180E-3
-6.99972E-3
-7.32180E-3
-7.96597E-3
-6.67763E-3
-4.74513E-3
-3.13472E-3
-6.03347E-3
-1.24751E-2
-2.11714E-2
-2.66468E-2
-2.92235E-2
-3.14780E-2
-3.27664E-2
-3.27664E-2
-3.46989E-2
-3.56651E-2
-3.63093E-2
-3.43768E-2
-3.63093E-2
-3.69535E-2
-3.69535E-2
-3.98522E-2
-3.98522E-2
-3.98522E-2
-3.82418E-2
-3.82418E-2
-3.92080E-2
-3.95301E-2
-3.92080E-2
-3.92080E-2
-3.98522E-2
-3.92080E-2
-3.95301E-2
-4.08185E-2
-4.04964E-2
-4.01743E-2
-4.01743E-2
-4.01743E-2
-4.04964E-2
-4.08185E-2
-4.01743E-2
-4.01743E-2
-3.98522E-2
-3.98522E-2
-3.98522E-2
-3.95301E-2
-4.01743E-2
-4.01743E-2
-4.01743E-2
-3.98522E-2
-3.98522E-2
-4.01743E-2
-4.08185E-2
-4.01743E-2
-4.08185E-2
-3.98522E-2
-4.01743E-2
-3.95301E-2
-3.95301E-2
-4.01743E-2
-3.92080E-2
-4.01743E-2
-3.95301E-2
-3.95301E-2
-3.92080E-2
-3.95301E-2
-3.95301E-2
-4.04964E-2
-4.14626E-2
-4.01743E-2
-3.95301E-2
-3.85639E-2
-3.72755E-2
-3.69535E-2
-3.92080E-2
-3.98522E-2
-3.85639E-2
-3.79197E-2
-3.82418E-2
-3.88860E-2
-3.88860E-2
-3.88860E-2
-3.85639E-2
-3.85639E-2
-3.82418E-2
-3.88860E-2
-3.85639E-2
-3.88860E-2
-3.88860E-2
-4.01743E-2
-3.95301E-2
-3.95301E-2
-3.92080E-2
-3.92080E-2
-3.85639E-2
-3.85639E-2
-3.92080E-2
-3.85639E-2
-3.79197E-2
-3.79197E-2
-3.75976E-2
-3.79197E-2
-3.46989E-2
-3.85639E-2
-3.88860E-2
-3.46989E-2
-2.82572E-2
-2.05272E-2
-1.56960E-2
-1.31193E-2
-1.21530E-2
-1.18310E-2
-1.18310E-2
-1.05426E-2
-8.93222E-3
-8.28805E-3
-8.28805E-3
-5.71138E-3
-6.99972E-3
-6.67763E-3
-6.35555E-3
-7.96597E-3
-8.93222E-3
-7.96597E-3
-6.35555E-3
-5.71138E-3
-6.99972E-3
-7.32180E-3
-7.96597E-3
-6.35555E-3
-6.99972E-3
-6.03347E-3
-6.99972E-3
-6.99972E-3
-6.35555E-3
-6.35555E-3
-6.35555E-3
-6.99972E-3
-6.03347E-3
-6.03347E-3
-6.03347E-3
-5.71138E-3
-6.67763E-3
-6.35555E-3
-6.35555E-3
-2.34260E-2
-8.49439E-2
-1.55480E-1
-2.12811E-1
-2.54360E-1
-2.85602E-1
-3.09436E-1
-3.27795E-1
-3.40034E-1
-3.51307E-1
-3.60647E-1
-3.68055E-1
-3.74819E-1
-3.80294E-1
-3.83837E-1
-3.87058E-1
-3.90601E-1
-3.92855E-1
-3.92533E-1
-3.92211E-1
-3.92533E-1
-3.92533E-1
-3.94788E-1
-3.92533E-1
-3.90923E-1
-3.94466E-1
-3.89313E-1
-3.91567E-1
-3.91889E-1
-3.93500E-1
-3.95754E-1
-3.96076E-1
-3.98653E-1
-3.99297E-1
-3.99941E-1
-3.98009E-1
-3.96076E-1
-3.97365E-1
-3.97365E-1
-3.96398E-1
-3.94466E-1
-3.95432E-1
-3.95432E-1
-3.95110E-1
-3.95754E-1
-3.95110E-1
-3.95754E-1
-3.96076E-1
-3.96076E-1
-3.97687E-1
-3.97043E-1
-3.97687E-1
-3.96076E-1
-3.96398E-1
-3.98331E-1
-3.98009E-1
-3.97365E-1
-3.96398E-1
-3.96398E-1
-3.96398E-1
-3.97043E-1
-3.97365E-1
-3.98331E-1
-3.97687E-1
-3.97043E-1
-3.97043E-1
-3.97365E-1
-3.98975E-1
-3.98653E-1
-3.96720E-1
-3.96076E-1
-3.95432E-1
-3.93178E-1
-3.97043E-1
-3.96398E-1
-3.93822E-1
-3.96720E-1
-3.98653E-1
-3.99619E-1
-3.98009E-1
-3.96076E-1
-3.98009E-1
-3.97365E-1
-3.97687E-1
-3.97365E-1
-3.96720E-1
-3.96720E-1
-3.97365E-1
-3.96398E-1
-3.96076E-1
-3.96398E-1
-3.97043E-1
-3.97687E-1
-3.98975E-1
-3.99941E-1
-3.98653E-1
-3.98009E-1
-3.98331E-1
-3.98009E-1
-3.92211E-1
-3.34880E-1
-2.57903E-1
-1.85112E-1
-1.30680E-1
-9.55726E-2
-7.65697E-2
-6.49747E-2
-5.56343E-2
-4.59718E-2
-3.72755E-2
-3.08339E-2
-2.60026E-2
-2.34260E-2
-2.08493E-2
-1.79505E-2
-1.66622E-2
-1.53739E-2
-1.47297E-2
-1.37635E-2
-1.31193E-2
-1.24751E-2
-1.21530E-2
-1.34414E-2
-1.34414E-2
-1.27972E-2
-1.24751E-2
-1.02205E-2
-9.89847E-3
-9.25430E-3
-1.11868E-2
-1.11868E-2
-1.05426E-2
-1.05426E-2
-1.02205E-2
-9.89847E-3
-1.05426E-2
-1.05426E-2
-1.05426E-2
-1.05426E-2
-9.89847E-3
-9.89847E-3
-1.02205E-2
-1.05426E-2
-1.08647E-2
-1.05426E-2
-1.05426E-2
-1.05426E-2
-1.05426E-2
-1.02205E-2
-1.08647E-2
-1.02205E-2
-1.02205E-2
-9.25430E-3
-9.89847E-3
-9.57638E-3
-9.57638E-3
-9.57638E-3
-9.25430E-3
-9.89847E-3
-9.57638E-3
-9.57638E-3
-9.57638E-3
-1.02205E-2
-9.57638E-3
-9.57638E-3
-9.89847E-3
-9.57638E-3
-9.25430E-3
-9.25430E-3
-9.57638E-3
-9.25430E-3
-8.93222E-3
-7.32180E-3
-9.25430E-3
-8.28805E-3
-8.28805E-3
-9.25430E-3
-1.05426E-2
-1.02205E-2
-8.28805E-3
-7.96597E-3
-8.93222E-3
-9.25430E-3
-9.57638E-3
-9.89847E-3
-8.28805E-3
-9.25430E-3
-9.25430E-3
-9.57638E-3
-8.93222E-3
-9.25430E-3
-9.25430E-3
-9.89847E-3
-9.57638E-3
-9.25430E-3
-8.28805E-3
-8.61013E-3
-8.61013E-3
-8.28805E-3
-9.57638E-3
-8.93222E-3
-9.25430E-3
-8.93222E-3
-8.61013E-3
-8.61013E-3
-9.25430E-3
-8.93222E-3
-7.96597E-3
-8.93222E-3
-8.61013E-3
-8.28805E-3
-8.61013E-3
-8.28805E-3
-8.61013E-3
-9.25430E-3
-8.61013E-3
-8.93222E-3
-7.96597E-3
-8.61013E-3
-8.61013E-3
-8.61013E-3
-7.96597E-3
-9.57638E-3
-9.89847E-3
-9.25430E-3
-9.25430E-3
-6.99972E-3
-6.67763E-3
-7.64388E-3
-8.61013E-3
-8.93222E-3
-7.96597E-3
-7.96597E-3
-7.96597E-3
-7.96597E-3
-7.96597E-3
-8.61013E-3
-7.64388E-3
-7.96597E-3
-8.28805E-3
-8.61013E-3
-7.96597E-3
-8.28805E-3
-8.61013E-3
-7.32180E-3
-8.28805E-3
-8.28805E-3
-9.25430E-3
-8.28805E-3
-8.61013E-3
-7.64388E-3
-7.96597E-3
-8.28805E-3
-8.28805E-3
-7.96597E-3
-7.64388E-3
-8.28805E-3
-8.28805E-3
-8.28805E-3
-8.28805E-3
-7.96597E-3
-8.61013E-3
-8.28805E-3
-7.96597E-3
-8.28805E-3
-8.61013E-3
-8.61013E-3
-8.61013E-3
-9.25430E-3
-7.96597E-3
-8.28805E-3
-8.61013E-3
-6.03347E-3
-9.25430E-3
-7.96597E-3
-7.64388E-3
-8.93222E-3
-1.05426E-2
-9.25430E-3
-8.28805E-3
-7.64388E-3
-8.93222E-3
-8.61013E-3
-8.61013E-3
-8.61013E-3
-8.61013E-3
-9.25430E-3
-8.61013E-3
-9.25430E-3
-8.93222E-3
-9.25430E-3
-7.96597E-3
-8.28805E-3
-8.28805E-3
-7.96597E-3
-8.93222E-3
-8.93222E-3
-9.57638E-3
-8.28805E-3
-9.25430E-3
-7.96597E-3
-8.28805E-3
-8.61013E-3
-8.61013E-3
-8.93222E-3
-9.25430E-3
-9.25430E-3
-8.28805E-3
-8.93222E-3
-8.93222E-3
-8.93222E-3
-9.25430E-3
-9.25430E-3
-9.25430E-3
-9.89847E-3
-9.57638E-3
-9.25430E-3
-8.28805E-3
-9.25430E-3
-8.28805E-3
-8.61013E-3
-9.25430E-3
-8.93222E-3
-8.93222E-3
-9.25430E-3
-9.25430E-3
-7.96597E-3
-7.64388E-3
-7.32180E-3
-8.28805E-3
-8.93222E-3
-7.96597E-3
-7.32180E-3
-7.64388E-3
-8.28805E-3
-8.28805E-3
-8.61013E-3
-8.61013E-3
-8.93222E-3
-7.96597E-3
-8.28805E-3
-7.64388E-3
-8.28805E-3
-8.61013E-3
-7.64388E-3
-8.28805E-3
-8.28805E-3
-8.93222E-3
-8.61013E-3
-8.61013E-3
-7.96597E-3
-8.28805E-3
-9.25430E-3
-8.61013E-3
-8.61013E-3
-8.61013E-3
-8.61013E-3
-8.61013E-3
-8.61013E-3
-9.25430E-3
-9.25430E-3
-8.61013E-3
-8.93222E-3
-8.93222E-3
-8.93222E-3
-8.28805E-3
-8.93222E-3
-8.61013E-3
-8.61013E-3
-9.25430E-3
-8.93222E-3
-8.93222E-3
-6.67763E-3
-6.99972E-3
-7.32180E-3
-7.32180E-3
-9.57638E-3
-1.05426E-2
-9.25430E-3
-8.93222E-3
-7.96597E-3
-8.93222E-3
-9.25430E-3
-8.93222E-3
-8.28805E-3
-9.25430E-3
-9.25430E-3
-8.93222E-3
-8.61013E-3
-9.25430E-3
-8.61013E-3
-8.93222E-3
-9.25430E-3
-8.93222E-3
-8.93222E-3
-8.93222E-3
-8.93222E-3
-8.28805E-3
-8.61013E-3
-8.93222E-3
-8.61013E-3
-8.28805E-3
-8.61013E-3
-7.96597E-3
-8.93222E-3
-8.61013E-3
-9.57638E-3
-8.61013E-3
-8.93222E-3
-9.25430E-3
-8.28805E-3
-7.96597E-3
-8.28805E-3
-8.28805E-3
-8.61013E-3
-8.93222E-3
-8.61013E-3
-8.61013E-3
-8.93222E-3
-9.25430E-3
-8.93222E-3
-8.61013E-3
-9.25430E-3
-9.89847E-3
-9.89847E-3
-9.25430E-3
-7.32180E-3
-6.99972E-3
-6.67763E-3
-8.28805E-3
-9.57638E-3
-8.61013E-3
-7.96597E-3
-8.93222E-3
-9.57638E-3
-9.25430E-3
-8.61013E-3
