6.83416E+9
4.61190E+8
-3.01182E-1
0.00000E+0
0.00000E+0
0.00000E+0
5.00000E-7
-1.31193E-2
-9.25430E-3
-8.93222E-3
-9.89847E-3
-8.61013E-3
-9.89847E-3
-7.96597E-3
-8.93222E-3
-8.93222E-3
-8.61013E-3
-7.96597E-3
-7.96597E-3
-8.28805E-3
-7.96597E-3
-8.28805E-3
-7.96597E-3
-7.96597E-3
-7.32180E-3
-7.96597E-3
-7.96597E-3
-8.28805E-3
-7.64388E-3
-7.96597E-3
-8.28805E-3
-7.96597E-3
-7.96597E-3
-7.96597E-3
-8.93222E-3
-7.32180E-3
-8.61013E-3
-9.25430E-3
-7.96597E-3
-5.71138E-3
-4.74513E-3
-6.67763E-3
-1.11868E-2
-1.85947E-2
-2.31039E-2
-2.60026E-2
-2.66468E-2
-2.85793E-2
-2.89014E-2
-3.05118E-2
-3.11560E-2
-3.14780E-2
-3.18001E-2
-3.27664E-2
-3.30885E-2
-3.24443E-2
-3.30885E-2
-3.21222E-2
-3.37326E-2
-3.34105E-2
-3.40547E-2
-3.43768E-2
-3.46989E-2
-3.34105E-2
-3.30885E-2
-3.37326E-2
-3.27664E-2
-3.43768E-2
-3.40547E-2
-3.34105E-2
-3.37326E-2
-3.34105E-2
-3.43768E-2
-3.37326E-2
-3.34105E-2
-3.43768E-2
-3.40547E-2
-3.43768E-2
-3.34105E-2
-3.40547E-2
-3.46989E-2
-3.40547E-2
-3.46989E-2
-3.37326E-2
-3.43768E-2
-3.43768E-2
-3.46989E-2
-3.53430E-2
-3.43768E-2
-3.40547E-2
-3.40547E-2
-3.43768E-2
-3.37326E-2
-3.40547E-2
-3.34105E-2
-3.34105E-2
-3.34105E-2
-3.37326E-2
-3.37326E-2
-3.37326E-2
-3.43768E-2
-3.37326E-2
-3.43768E-2
-3.40547E-2
-3.40547E-2
-3.37326E-2
-3.40547E-2
-3.40547E-2
-3.40547E-2
-3.43768E-2
-3.40547E-2
-3.34105E-2
-3.40547E-2
-3.34105E-2
-3.40547E-2
-3.40547E-2
-3.40547E-2
-3.43768E-2
-3.34105E-2
-3.37326E-2
-3.43768E-2
-3.46989E-2
-3.37326E-2
-3.40547E-2
-3.46989E-2
-3.50210E-2
-3.40547E-2
-3.43768E-2
-3.40547E-2
-3.34105E-2
-3.34105E-2
-3.37326E-2
-3.30885E-2
-3.37326E-2
-3.43768E-2
-3.43768E-2
-3.37326E-2
-2.85793E-2
-3.43768E-2
-3.37326E-2
-3.14780E-2
-2.50364E-2
-1.92389E-2
-1.44076E-2
-1.18310E-2
-1.15089E-2
-1.08647E-2
-1.05426E-2
-8.61013E-3
-8.28805E-3
-7.64388E-3
-7.32180E-3
-7.32180E-3
-7.32180E-3
-6.99972E-3
-6.67763E-3
-7.32180E-3
-7.32180E-3
-6.99972E-3
-6.99972E-3
-6.99972E-3
-7.96597E-3
-6.35555E-3
-6.99972E-3
-6.99972E-3
-6.99972E-3
-6.99972E-3
-7.32180E-3
-6.35555E-3
-6.35555E-3
-6.35555E-3
-7.32180E-3
-6.67763E-3
-6.35555E-3
-7.32180E-3
-6.99972E-3
-6.67763E-3
-6.35555E-3
-6.03347E-3
-6.99972E-3
-2.05272E-2
-6.81955E-2
-1.26493E-1
-1.72550E-1
-2.05081E-1
-2.29237E-1
-2.47918E-1
-2.62734E-1
-2.74651E-1
-2.84958E-1
-2.92043E-1
-2.98807E-1
-3.02350E-1
-3.04927E-1
-3.06215E-1
-3.08148E-1
-3.12335E-1
-3.14911E-1
-3.15233E-1
-3.14911E-1
-3.15878E-1
-3.16522E-1
-3.17488E-1
-3.17488E-1
-3.18132E-1
-3.18454E-1
-3.18454E-1
-3.20065E-1
-3.20065E-1
-3.20065E-1
-3.19098E-1
-3.19420E-1
-3.19743E-1
-3.19420E-1
-3.19743E-1
-3.20709E-1
-3.20065E-1
-3.20065E-1
-3.21353E-1
-3.20065E-1
-3.19420E-1
-3.18454E-1
-3.16844E-1
-3.16522E-1
-3.18132E-1
-3.19098E-1
-3.19098E-1
-3.19420E-1
-3.19420E-1
-3.19743E-1
-3.20065E-1
-3.20709E-1
-3.21353E-1
-3.21353E-1
-3.19743E-1
-3.20065E-1
-3.19743E-1
-3.20709E-1
-3.21031E-1
-3.20709E-1
-3.20065E-1
-3.19420E-1
-3.19098E-1
-3.18776E-1
-3.18454E-1
-3.19098E-1
-3.19743E-1
-3.21031E-1
-3.19743E-1
-3.19420E-1
-3.19743E-1
-3.19743E-1
-3.19743E-1
-3.19098E-1
-3.19420E-1
-3.18454E-1
-3.18776E-1
-3.19098E-1
-3.19743E-1
-3.20065E-1
-3.20387E-1
-3.19743E-1
-3.19743E-1
-3.18132E-1
-3.18454E-1
-3.18454E-1
-3.18776E-1
-3.20065E-1
-3.20065E-1
-3.19420E-1
-3.19743E-1
-3.19420E-1
-3.18454E-1
-3.17810E-1
-3.17488E-1
-3.17166E-1
-3.18454E-1
-3.20065E-1
-3.21675E-1
-3.18454E-1
-2.72718E-1
-2.09912E-1
-1.51293E-1
-1.06846E-1
-7.81801E-2
-6.33643E-2
-5.46680E-2
-4.62939E-2
-3.95301E-2
-3.24443E-2
-2.69689E-2
-2.27818E-2
-2.08493E-2
-1.79505E-2
-1.69843E-2
-1.53739E-2
-1.37635E-2
-1.34414E-2
-1.27972E-2
-1.24751E-2
-1.18310E-2
-1.18310E-2
-1.15089E-2
-1.11868E-2
-1.08647E-2
-1.05426E-2
-1.02205E-2
-1.08647E-2
-1.08647E-2
-1.05426E-2
-1.05426E-2
-1.05426E-2
-9.89847E-3
-9.89847E-3
-9.89847E-3
-9.89847E-3
-9.25430E-3
-9.89847E-3
-9.25430E-3
-9.57638E-3
-8.93222E-3
-9.57638E-3
-9.89847E-3
-9.57638E-3
-9.89847E-3
-9.25430E-3
-9.57638E-3
-9.25430E-3
-9.25430E-3
-9.25430E-3
-8.61013E-3
-9.57638E-3
-9.25430E-3
-9.25430E-3
-9.57638E-3
-9.25430E-3
-9.25430E-3
-9.57638E-3
-9.57638E-3
-8.61013E-3
-8.93222E-3
-9.25430E-3
-8.93222E-3
-9.25430E-3
-9.57638E-3
-9.57638E-3
-9.25430E-3
-9.57638E-3
-9.25430E-3
-9.25430E-3
-8.61013E-3
-8.61013E-3
-8.61013E-3
-8.61013E-3
-8.93222E-3
-9.25430E-3
-8.93222E-3
-8.61013E-3
-9.25430E-3
-8.28805E-3
-8.61013E-3
-8.61013E-3
-8.61013E-3
-8.28805E-3
-8.61013E-3
-8.61013E-3
-8.93222E-3
-8.61013E-3
-8.93222E-3
-8.28805E-3
-8.61013E-3
-7.64388E-3
-9.25430E-3
-8.28805E-3
-9.25430E-3
-9.57638E-3
-9.25430E-3
-9.25430E-3
-8.93222E-3
-8.93222E-3
-8.28805E-3
-8.93222E-3
-8.28805E-3
-9.25430E-3
-7.96597E-3
-9.25430E-3
-9.57638E-3
-8.93222E-3
-9.57638E-3
-9.25430E-3
-8.93222E-3
-8.61013E-3
-9.25430E-3
-8.28805E-3
-7.64388E-3
-8.28805E-3
-8.93222E-3
-9.57638E-3
-8.61013E-3
-9.25430E-3
-9.25430E-3
-8.61013E-3
-9.25430E-3
-9.25430E-3
-8.61013E-3
-9.25430E-3
-8.61013E-3
-9.25430E-3
-8.61013E-3
-9.25430E-3
-8.61013E-3
-8.93222E-3
-9.25430E-3
-8.28805E-3
-8.93222E-3
-8.61013E-3
-8.28805E-3
-8.93222E-3
-9.57638E-3
-8.93222E-3
-8.93222E-3
-8.61013E-3
-9.57638E-3
-9.25430E-3
-9.89847E-3
-8.61013E-3
-9.25430E-3
-9.25430E-3
-7.96597E-3
-8.61013E-3
-8.28805E-3
-8.61013E-3
-8.61013E-3
-8.93222E-3
-8.61013E-3
-9.57638E-3
-9.25430E-3
-8.93222E-3
-9.25430E-3
-8.61013E-3
-9.25430E-3
-8.93222E-3
-9.25430E-3
-7.96597E-3
-8.61013E-3
-8.28805E-3
-7.96597E-3
-8.93222E-3
-8.28805E-3
-7.96597E-3
-7.64388E-3
-7.64388E-3
-7.64388E-3
-7.32180E-3
-7.96597E-3
-8.28805E-3
-8.28805E-3
-8.28805E-3
-9.25430E-3
-8.93222E-3
-8.93222E-3
-9.25430E-3
-8.28805E-3
-8.93222E-3
-8.61013E-3
-8.61013E-3
-8.28805E-3
-7.96597E-3
-7.96597E-3
-7.96597E-3
-8.28805E-3
-8.61013E-3
-8.61013E-3
-8.28805E-3
-8.28805E-3
-8.61013E-3
-8.61013E-3
-9.25430E-3
-8.28805E-3
-9.57638E-3
-8.93222E-3
-8.61013E-3
-8.61013E-3
-7.96597E-3
-7.96597E-3
-7.96597E-3
-8.61013E-3
-8.28805E-3
-8.28805E-3
-8.28805E-3
-8.28805E-3
-7.96597E-3
-8.61013E-3
-8.28805E-3
-8.28805E-3
-8.61013E-3
-8.61013E-3
-7.64388E-3
-8.61013E-3
-7.32180E-3
-8.28805E-3
-7.32180E-3
-7.96597E-3
-7.64388E-3
-7.96597E-3
-7.64388E-3
-7.96597E-3
-8.61013E-3
-7.64388E-3
-7.96597E-3
-8.28805E-3
-9.25430E-3
-8.61013E-3
-7.64388E-3
-8.28805E-3
-8.28805E-3
-7.96597E-3
-7.64388E-3
-8.28805E-3
-8.28805E-3
-8.28805E-3
-8.93222E-3
-7.96597E-3
-8.28805E-3
-7.96597E-3
-8.28805E-3
-7.96597E-3
-8.28805E-3
-8.28805E-3
-7.32180E-3
-7.96597E-3
-6.99972E-3
-7.64388E-3
-7.32180E-3
-7.64388E-3
-7.64388E-3
-7.96597E-3
-7.32180E-3
-7.96597E-3
-8.28805E-3
-8.28805E-3
-8.28805E-3
-7.96597E-3
-7.64388E-3
-8.28805E-3
-8.61013E-3
-7.64388E-3
-8.28805E-3
-7.64388E-3
-7.96597E-3
-8.61013E-3
-8.28805E-3
-8.28805E-3
-8.28805E-3
-8.61013E-3
-9.25430E-3
-8.61013E-3
-8.61013E-3
-8.28805E-3
-8.28805E-3
-8.28805E-3
-7.96597E-3
-8.28805E-3
-7.96597E-3
-8.28805E-3
-8.61013E-3
-7.96597E-3
-8.61013E-3
-7.64388E-3
-8.93222E-3
-8.61013E-3
-8.28805E-3
-8.61013E-3
-7.96597E-3
-7.32180E-3
-6.67763E-3
-6.99972E-3
-7.64388E-3
-7.96597E-3
-8.61013E-3
-8.28805E-3
-8.28805E-3
-6.99972E-3
-8.28805E-3
-8.28805E-3
-7.96597E-3
-8.28805E-3
-8.61013E-3
-8.28805E-3
-7.96597E-3
-7.64388E-3
-7.64388E-3
-7.96597E-3
-7.64388E-3
-7.96597E-3
-8.28805E-3
-7.64388E-3
-7.96597E-3
-8.28805E-3
-8.61013E-3
-8.28805E-3
-8.28805E-3
-8.28805E-3
-8.61013E-3
-8.28805E-3
-8.28805E-3
-7.96597E-3
-8.28805E-3
-7.64388E-3
-8.28805E-3
-7.96597E-3
-7.96597E-3
-8.61013E-3
-8.61013E-3
-8.28805E-3
-7.96597E-3
-8.28805E-3
