6.83419E+9
4.61220E+8
-3.04931E-1
0.00000E+0
0.00000E+0
0.00000E+0
5.00000E-7
-1.08647E-2
-7.96597E-3
-8.61013E-3
-7.96597E-3
-8.28805E-3
-7.96597E-3
-8.28805E-3
-7.64388E-3
-8.28805E-3
-8.61013E-3
-8.61013E-3
-8.28805E-3
-8.28805E-3
-7.96597E-3
-8.28805E-3
-7.96597E-3
-7.96597E-3
-7.96597E-3
-7.64388E-3
-7.64388E-3
-9.25430E-3
-8.93222E-3
-8.28805E-3
-8.28805E-3
-8.28805E-3
-8.93222E-3
-8.61013E-3
-8.61013E-3
-8.93222E-3
-7.96597E-3
-8.28805E-3
-6.99972E-3
-5.71138E-3
-4.74513E-3
-6.99972E-3
-1.31193E-2
-2.18155E-2
-2.72910E-2
-2.95455E-2
-3.11560E-2
-3.14780E-2
-3.27664E-2
-3.46989E-2
-3.53430E-2
-3.66314E-2
-3.66314E-2
-3.66314E-2
-3.72755E-2
-3.75976E-2
-3.82418E-2
-3.79197E-2
-3.79197E-2
-3.82418E-2
-3.88860E-2
-3.85639E-2
-3.82418E-2
-3.85639E-2
-3.82418E-2
-3.92080E-2
-3.92080E-2
-3.85639E-2
-3.88860E-2
-3.85639E-2
-3.85639E-2
-3.95301E-2
-3.92080E-2
-3.88860E-2
-3.82418E-2
-3.95301E-2
-3.79197E-2
-3.85639E-2
-3.82418E-2
-3.85639E-2
-3.92080E-2
-3.85639E-2
-3.88860E-2
-3.88860E-2
-3.79197E-2
-3.88860E-2
-3.82418E-2
-3.92080E-2
-3.85639E-2
-3.85639E-2
-3.85639E-2
-3.85639E-2
-3.82418E-2
-3.88860E-2
-3.82418E-2
-3.88860E-2
-3.85639E-2
-3.85639E-2
-3.82418E-2
-3.79197E-2
-3.85639E-2
-3.88860E-2
-3.82418E-2
-3.85639E-2
-3.92080E-2
-3.85639E-2
-3.85639E-2
-3.88860E-2
-3.85639E-2
-3.85639E-2
-3.82418E-2
-3.85639E-2
-3.79197E-2
-3.85639E-2
-3.82418E-2
-3.85639E-2
-3.82418E-2
-3.82418E-2
-3.85639E-2
-3.85639E-2
-3.82418E-2
-3.75976E-2
-3.79197E-2
-3.75976E-2
-3.82418E-2
-3.72755E-2
-3.72755E-2
-3.69535E-2
-3.82418E-2
-3.75976E-2
-3.72755E-2
-3.75976E-2
-3.69535E-2
-3.75976E-2
-3.75976E-2
-3.79197E-2
-3.85639E-2
-3.34105E-2
-3.85639E-2
-3.82418E-2
-3.43768E-2
-2.85793E-2
-2.11714E-2
-1.60180E-2
-1.37635E-2
-1.18310E-2
-1.21530E-2
-1.11868E-2
-1.02205E-2
-9.25430E-3
-8.93222E-3
-8.61013E-3
-8.28805E-3
-7.96597E-3
-8.28805E-3
-7.64388E-3
-7.64388E-3
-8.28805E-3
-7.32180E-3
-7.64388E-3
-7.32180E-3
-7.64388E-3
-7.32180E-3
-7.32180E-3
-6.99972E-3
-7.32180E-3
-7.96597E-3
-7.96597E-3
-7.32180E-3
-7.32180E-3
-6.99972E-3
-7.64388E-3
-6.99972E-3
-7.64388E-3
-7.32180E-3
-6.99972E-3
-7.96597E-3
-6.99972E-3
-6.99972E-3
-6.99972E-3
-2.08493E-2
-7.01280E-2
-1.28425E-1
-1.74483E-1
-2.07980E-1
-2.33746E-1
-2.52749E-1
-2.68853E-1
-2.82381E-1
-2.91721E-1
-2.98807E-1
-3.02672E-1
-3.05893E-1
-3.08470E-1
-3.12013E-1
-3.14911E-1
-3.16522E-1
-3.19420E-1
-3.19743E-1
-3.19098E-1
-3.19098E-1
-3.19098E-1
-3.18454E-1
-3.20709E-1
-3.21353E-1
-3.22319E-1
-3.21031E-1
-3.22641E-1
-3.21675E-1
-3.21997E-1
-3.22319E-1
-3.24252E-1
-3.23930E-1
-3.22963E-1
-3.23608E-1
-3.24252E-1
-3.24896E-1
-3.24896E-1
-3.24252E-1
-3.23285E-1
-3.22319E-1
-3.22641E-1
-3.22963E-1
-3.22641E-1
-3.22319E-1
-3.23285E-1
-3.24252E-1
-3.25218E-1
-3.25540E-1
-3.24252E-1
-3.23285E-1
-3.24896E-1
-3.23930E-1
-3.23930E-1
-3.23285E-1
-3.23285E-1
-3.25218E-1
-3.26828E-1
-3.26184E-1
-3.23285E-1
-3.22319E-1
-3.21997E-1
-3.22641E-1
-3.23285E-1
-3.22319E-1
-3.21353E-1
-3.20387E-1
-3.22963E-1
-3.23930E-1
-3.24896E-1
-3.23930E-1
-3.22641E-1
-3.21997E-1
-3.22963E-1
-3.22641E-1
-3.21675E-1
-3.20709E-1
-3.21675E-1
-3.21675E-1
-3.23930E-1
-3.24252E-1
-3.24252E-1
-3.25218E-1
-3.23930E-1
-3.22963E-1
-3.22963E-1
-3.22963E-1
-3.21997E-1
-3.22641E-1
-3.22963E-1
-3.22319E-1
-3.21997E-1
-3.21675E-1
-3.22641E-1
-3.22963E-1
-3.23608E-1
-3.24252E-1
-3.25862E-1
-3.25540E-1
-3.20387E-1
-2.74007E-1
-2.10234E-1
-1.51293E-1
-1.06523E-1
-7.91464E-2
-6.43305E-2
-5.46680E-2
-4.72601E-2
-3.98522E-2
-3.27664E-2
-2.63247E-2
-2.27818E-2
-2.08493E-2
-1.92389E-2
-1.79505E-2
-1.53739E-2
-1.40855E-2
-1.27972E-2
-1.24751E-2
-1.15089E-2
-1.24751E-2
-1.15089E-2
-1.21530E-2
-1.15089E-2
-1.11868E-2
-1.11868E-2
-1.02205E-2
-1.02205E-2
-9.89847E-3
-1.02205E-2
-1.05426E-2
-1.02205E-2
-1.05426E-2
-1.05426E-2
-1.02205E-2
-9.89847E-3
-1.05426E-2
-9.89847E-3
-9.57638E-3
-9.25430E-3
-9.89847E-3
-1.02205E-2
-9.89847E-3
-9.57638E-3
-9.57638E-3
-1.02205E-2
-1.02205E-2
-9.57638E-3
-9.25430E-3
-1.02205E-2
-9.57638E-3
-8.93222E-3
-9.25430E-3
-9.25430E-3
-9.25430E-3
-8.93222E-3
-8.93222E-3
-9.57638E-3
-8.93222E-3
-8.61013E-3
-9.25430E-3
-8.61013E-3
-9.57638E-3
-9.25430E-3
-9.57638E-3
-8.93222E-3
-8.93222E-3
-8.28805E-3
-8.61013E-3
-8.93222E-3
-9.89847E-3
-8.93222E-3
-8.61013E-3
-8.61013E-3
-8.28805E-3
-8.61013E-3
-8.28805E-3
-8.61013E-3
-8.28805E-3
-7.96597E-3
-7.96597E-3
-8.61013E-3
-8.28805E-3
-8.28805E-3
-7.96597E-3
-8.61013E-3
-8.61013E-3
-7.96597E-3
-8.28805E-3
-8.28805E-3
-8.61013E-3
-8.28805E-3
-8.61013E-3
-8.61013E-3
-8.93222E-3
-8.61013E-3
-8.61013E-3
-8.28805E-3
-7.64388E-3
-8.93222E-3
-7.96597E-3
-8.28805E-3
-7.96597E-3
-9.25430E-3
-8.61013E-3
-7.96597E-3
-7.64388E-3
-8.61013E-3
-8.28805E-3
-9.25430E-3
-8.93222E-3
-8.93222E-3
-8.61013E-3
-8.28805E-3
-8.61013E-3
-9.89847E-3
-8.93222E-3
-9.57638E-3
-9.25430E-3
-8.93222E-3
-7.96597E-3
-7.96597E-3
-7.96597E-3
-8.28805E-3
-7.64388E-3
-7.96597E-3
-8.28805E-3
-7.96597E-3
-7.96597E-3
-8.61013E-3
-8.61013E-3
-8.28805E-3
-7.96597E-3
-7.32180E-3
-7.32180E-3
-6.67763E-3
-7.32180E-3
-6.99972E-3
-7.32180E-3
-7.64388E-3
-7.64388E-3
-7.32180E-3
-7.32180E-3
-7.64388E-3
-8.28805E-3
-7.96597E-3
-7.96597E-3
-8.28805E-3
-7.32180E-3
-7.64388E-3
-7.96597E-3
-7.96597E-3
-7.96597E-3
-7.32180E-3
-7.32180E-3
-7.64388E-3
-7.64388E-3
-6.99972E-3
-7.64388E-3
-7.96597E-3
-7.96597E-3
-7.96597E-3
-8.28805E-3
-7.64388E-3
-7.64388E-3
-9.25430E-3
-8.28805E-3
-8.28805E-3
-7.64388E-3
-7.96597E-3
-7.64388E-3
-8.28805E-3
-8.28805E-3
-7.96597E-3
-8.28805E-3
-7.96597E-3
-7.64388E-3
-7.64388E-3
-8.61013E-3
-7.96597E-3
-7.96597E-3
-7.96597E-3
-7.64388E-3
-7.96597E-3
-7.64388E-3
-7.32180E-3
-7.32180E-3
-7.64388E-3
-7.64388E-3
-7.64388E-3
-8.28805E-3
-7.96597E-3
-7.96597E-3
-8.28805E-3
-7.64388E-3
-7.32180E-3
-7.64388E-3
-7.96597E-3
-7.32180E-3
-7.32180E-3
-7.64388E-3
-6.99972E-3
-7.64388E-3
-7.96597E-3
-7.64388E-3
-7.64388E-3
-7.96597E-3
-7.64388E-3
-7.96597E-3
-7.96597E-3
-7.32180E-3
-7.32180E-3
-7.64388E-3
-7.64388E-3
-7.64388E-3
-7.64388E-3
-7.96597E-3
-7.64388E-3
-7.96597E-3
-7.96597E-3
-8.61013E-3
-8.28805E-3
-8.28805E-3
-7.96597E-3
-8.28805E-3
-7.96597E-3
-7.32180E-3
-8.61013E-3
-8.61013E-3
-7.96597E-3
-8.28805E-3
-8.28805E-3
-7.64388E-3
-7.96597E-3
-8.28805E-3
-8.28805E-3
-8.93222E-3
-8.61013E-3
-7.64388E-3
-8.28805E-3
-8.61013E-3
-8.28805E-3
-7.96597E-3
-8.93222E-3
-7.96597E-3
-8.28805E-3
-7.96597E-3
-8.28805E-3
-8.61013E-3
-7.64388E-3
-7.64388E-3
-7.96597E-3
-8.28805E-3
-7.96597E-3
-7.96597E-3
-7.32180E-3
-7.96597E-3
-7.96597E-3
-8.28805E-3
-7.64388E-3
-8.28805E-3
-7.32180E-3
-7.64388E-3
-7.96597E-3
-7.64388E-3
-8.28805E-3
-6.67763E-3
-7.64388E-3
-7.96597E-3
-7.96597E-3
-7.32180E-3
-8.28805E-3
-7.64388E-3
-7.96597E-3
-7.96597E-3
-7.96597E-3
-7.96597E-3
-7.32180E-3
-7.64388E-3
-7.32180E-3
-7.32180E-3
-7.64388E-3
-6.99972E-3
-7.32180E-3
-6.67763E-3
-7.64388E-3
-7.64388E-3
-7.96597E-3
-8.28805E-3
-7.32180E-3
-7.96597E-3
-8.61013E-3
-7.96597E-3
-7.96597E-3
-7.64388E-3
-8.28805E-3
-7.96597E-3
-7.96597E-3
-7.64388E-3
-8.28805E-3
-7.96597E-3
-7.64388E-3
-8.61013E-3
-8.61013E-3
-8.28805E-3
-7.96597E-3
-7.96597E-3
-7.64388E-3
-7.96597E-3
-8.28805E-3
-9.25430E-3
-7.96597E-3
-7.96597E-3
-8.93222E-3
-8.61013E-3
-8.61013E-3
-8.28805E-3
-7.96597E-3
-6.99972E-3
-7.32180E-3
-7.64388E-3
-7.32180E-3
-7.96597E-3
-8.28805E-3
-7.64388E-3
-7.64388E-3
-8.61013E-3
-7.64388E-3
-7.64388E-3
-7.64388E-3
-8.28805E-3
-7.32180E-3
-7.64388E-3
-7.32180E-3
-7.64388E-3
-7.96597E-3
-6.35555E-3
