6.83437E+9
4.61400E+8
-3.86556E-1
0.00000E+0
0.00000E+0
0.00000E+0
5.00000E-7
-1.15089E-2
-7.96597E-3
-8.28805E-3
-7.64388E-3
-8.28805E-3
-7.96597E-3
-8.28805E-3
-8.61013E-3
-8.28805E-3
-8.28805E-3
-8.61013E-3
-8.61013E-3
-8.28805E-3
-8.61013E-3
-8.28805E-3
-8.93222E-3
-8.28805E-3
-8.61013E-3
-7.96597E-3
-7.64388E-3
-8.61013E-3
-8.28805E-3
-8.28805E-3
-7.96597E-3
-8.28805E-3
-7.96597E-3
-7.64388E-3
-8.28805E-3
-8.61013E-3
-8.61013E-3
-8.28805E-3
-7.64388E-3
-5.71138E-3
-5.06722E-3
-1.24751E-2
-3.05118E-2
-4.85485E-2
-6.07876E-2
-6.49747E-2
-6.85176E-2
-7.14164E-2
-7.39930E-2
-7.68918E-2
-7.85022E-2
-8.01126E-2
-7.97905E-2
-8.10789E-2
-8.20451E-2
-8.26893E-2
-8.36555E-2
-8.39776E-2
-8.39776E-2
-8.46218E-2
-8.42997E-2
-8.46218E-2
-8.52659E-2
-8.46218E-2
-8.46218E-2
-8.42997E-2
-8.55880E-2
-8.55880E-2
-8.52659E-2
-8.59101E-2
-8.49439E-2
-8.52659E-2
-8.49439E-2
-8.55880E-2
-8.55880E-2
-8.49439E-2
-8.46218E-2
-8.49439E-2
-8.49439E-2
-8.46218E-2
-8.42997E-2
-8.49439E-2
-8.39776E-2
-8.49439E-2
-8.33334E-2
-8.39776E-2
-8.42997E-2
-8.46218E-2
-8.42997E-2
-8.36555E-2
-8.30114E-2
-8.20451E-2
-8.30114E-2
-8.36555E-2
-8.36555E-2
-8.30114E-2
-8.26893E-2
-8.33334E-2
-8.33334E-2
-8.23672E-2
-8.20451E-2
-8.20451E-2
-8.20451E-2
-8.20451E-2
-8.26893E-2
-8.23672E-2
-8.17230E-2
-8.20451E-2
-8.20451E-2
-8.20451E-2
-8.14009E-2
-8.17230E-2
-8.07568E-2
-8.07568E-2
-8.04347E-2
-8.10789E-2
-8.10789E-2
-8.10789E-2
-7.97905E-2
-8.07568E-2
-8.04347E-2
-8.04347E-2
-8.01126E-2
-7.97905E-2
-8.04347E-2
-7.97905E-2
-7.91464E-2
-7.88243E-2
-7.94684E-2
-7.97905E-2
-8.01126E-2
-7.97905E-2
-7.94684E-2
-7.94684E-2
-7.94684E-2
-7.91464E-2
-7.88243E-2
-7.46372E-2
-7.94684E-2
-7.88243E-2
-6.98059E-2
-5.46680E-2
-3.88860E-2
-2.82572E-2
-2.08493E-2
-1.95610E-2
-1.79505E-2
-1.69843E-2
-1.40855E-2
-1.24751E-2
-1.08647E-2
-9.89847E-3
-9.57638E-3
-1.02205E-2
-9.25430E-3
-9.25430E-3
-8.61013E-3
-7.96597E-3
-7.64388E-3
-7.96597E-3
-7.96597E-3
-7.32180E-3
-7.32180E-3
-7.64388E-3
-7.32180E-3
-7.64388E-3
-7.96597E-3
-8.28805E-3
-7.96597E-3
-8.28805E-3
-7.32180E-3
-7.64388E-3
-7.32180E-3
-7.64388E-3
-7.32180E-3
-7.64388E-3
-6.99972E-3
-7.32180E-3
-6.67763E-3
-7.64388E-3
-2.82572E-2
-9.62168E-2
-1.69652E-1
-2.26016E-1
-2.66277E-1
-2.97841E-1
-3.21997E-1
-3.41644E-1
-3.53883E-1
-3.64512E-1
-3.72242E-1
-3.78040E-1
-3.82871E-1
-3.87702E-1
-3.90601E-1
-3.92533E-1
-3.95432E-1
-3.99297E-1
-4.00585E-1
-4.02518E-1
-4.02840E-1
-4.01874E-1
-4.02196E-1
-4.01874E-1
-4.02518E-1
-4.02840E-1
-4.04128E-1
-4.05739E-1
-4.06061E-1
-4.06705E-1
-4.07993E-1
-4.07993E-1
-4.07993E-1
-4.07027E-1
-4.06061E-1
-4.05417E-1
-4.05417E-1
-4.05095E-1
-4.04128E-1
-4.03484E-1
-4.03806E-1
-4.03806E-1
-4.04450E-1
-4.04450E-1
-4.04128E-1
-4.03484E-1
-4.02840E-1
-4.02196E-1
-4.02196E-1
-4.02840E-1
-4.02840E-1
-4.03162E-1
-4.03484E-1
-4.04450E-1
-4.05417E-1
-4.05095E-1
-4.06383E-1
-4.07349E-1
-4.06061E-1
-4.07349E-1
-4.06383E-1
-4.05095E-1
-4.05095E-1
-4.04450E-1
-4.04450E-1
-4.04450E-1
-4.04773E-1
-4.04450E-1
-4.03484E-1
-4.04450E-1
-4.05417E-1
-4.05739E-1
-4.06383E-1
-4.06705E-1
-4.06383E-1
-4.05739E-1
-4.06383E-1
-4.05095E-1
-4.04450E-1
-4.04128E-1
-4.02840E-1
-4.03806E-1
-4.04450E-1
-4.05095E-1
-4.04450E-1
-4.05095E-1
-4.05417E-1
-4.06705E-1
-4.05739E-1
-4.05095E-1
-4.05417E-1
-4.04128E-1
-4.02840E-1
-4.02196E-1
-4.03484E-1
-4.04450E-1
-4.05739E-1
-4.05417E-1
-4.06383E-1
-4.00585E-1
-3.42288E-1
-2.63056E-1
-1.89943E-1
-1.33901E-1
-9.84714E-2
-7.88243E-2
-6.59409E-2
-5.72447E-2
-4.69380E-2
-3.92080E-2
-3.11560E-2
-2.76130E-2
-2.40701E-2
-2.14935E-2
-1.95610E-2
-1.79505E-2
-1.60180E-2
-1.50518E-2
-1.40855E-2
-1.24751E-2
-1.21530E-2
-1.24751E-2
-1.27972E-2
-1.18310E-2
-1.18310E-2
-1.18310E-2
-1.24751E-2
-1.18310E-2
-1.18310E-2
-1.15089E-2
-1.15089E-2
-1.18310E-2
-1.11868E-2
-1.15089E-2
-1.18310E-2
-1.08647E-2
-1.08647E-2
-1.11868E-2
-1.08647E-2
-1.05426E-2
-1.05426E-2
-1.08647E-2
-9.89847E-3
-1.05426E-2
-1.05426E-2
-9.89847E-3
-1.08647E-2
-1.02205E-2
-1.02205E-2
-1.02205E-2
-9.89847E-3
-9.57638E-3
-1.08647E-2
-1.05426E-2
-9.89847E-3
-1.11868E-2
-1.02205E-2
-1.05426E-2
-1.08647E-2
-1.02205E-2
-1.05426E-2
-9.89847E-3
-9.57638E-3
-9.89847E-3
-9.57638E-3
-9.57638E-3
-9.57638E-3
-9.57638E-3
-9.25430E-3
-8.93222E-3
-8.93222E-3
-9.25430E-3
-8.61013E-3
-9.57638E-3
-8.61013E-3
-8.28805E-3
-8.93222E-3
-8.61013E-3
-8.61013E-3
-8.61013E-3
-8.93222E-3
-9.25430E-3
-8.61013E-3
-8.93222E-3
-9.57638E-3
-9.25430E-3
-8.61013E-3
-8.93222E-3
-9.25430E-3
-8.61013E-3
-9.25430E-3
-8.61013E-3
-8.28805E-3
-8.28805E-3
-8.61013E-3
-8.61013E-3
-8.28805E-3
-8.28805E-3
-8.61013E-3
-8.28805E-3
-9.25430E-3
-8.93222E-3
-8.28805E-3
-8.61013E-3
-8.28805E-3
-8.93222E-3
-7.96597E-3
-8.28805E-3
-8.61013E-3
-8.61013E-3
-8.61013E-3
-8.28805E-3
-8.28805E-3
-8.28805E-3
-8.61013E-3
-8.28805E-3
-7.96597E-3
-7.64388E-3
-8.28805E-3
-7.96597E-3
-8.28805E-3
-7.64388E-3
-8.28805E-3
-7.96597E-3
-8.28805E-3
-7.32180E-3
-7.64388E-3
-7.96597E-3
-7.96597E-3
-7.64388E-3
-7.96597E-3
-7.96597E-3
-7.96597E-3
-8.61013E-3
-8.61013E-3
-7.96597E-3
-8.61013E-3
-7.96597E-3
-8.93222E-3
-7.96597E-3
-7.96597E-3
-8.28805E-3
-8.61013E-3
-8.28805E-3
-8.28805E-3
-7.96597E-3
-7.96597E-3
-8.61013E-3
-8.93222E-3
-8.61013E-3
-8.61013E-3
-8.61013E-3
-8.28805E-3
-8.61013E-3
-7.96597E-3
-7.64388E-3
-8.28805E-3
-7.96597E-3
-7.32180E-3
-7.64388E-3
-7.96597E-3
-8.28805E-3
-8.28805E-3
-7.64388E-3
-8.93222E-3
-8.28805E-3
-7.96597E-3
-8.28805E-3
-7.64388E-3
-7.32180E-3
-7.64388E-3
-7.64388E-3
-8.61013E-3
-7.64388E-3
-7.64388E-3
-8.28805E-3
-8.28805E-3
-7.96597E-3
-7.64388E-3
-7.96597E-3
-6.67763E-3
-7.32180E-3
-7.96597E-3
-7.32180E-3
-6.99972E-3
-6.99972E-3
-7.64388E-3
-7.64388E-3
-7.64388E-3
-7.96597E-3
-6.99972E-3
-7.32180E-3
-7.96597E-3
-7.64388E-3
-7.96597E-3
-7.96597E-3
-7.32180E-3
-8.28805E-3
-7.96597E-3
-7.32180E-3
-7.32180E-3
-7.96597E-3
-8.28805E-3
-7.64388E-3
-7.96597E-3
-8.61013E-3
-8.28805E-3
-7.96597E-3
-7.64388E-3
-8.28805E-3
-8.28805E-3
-7.32180E-3
-7.96597E-3
-7.96597E-3
-7.32180E-3
-7.64388E-3
-7.64388E-3
-7.32180E-3
-7.96597E-3
-8.28805E-3
-8.28805E-3
-7.96597E-3
-7.32180E-3
-6.99972E-3
-7.96597E-3
-6.99972E-3
-7.32180E-3
-8.61013E-3
-7.64388E-3
-7.64388E-3
-8.28805E-3
-7.96597E-3
-7.96597E-3
-7.64388E-3
-7.96597E-3
-8.28805E-3
-7.64388E-3
-7.64388E-3
-7.96597E-3
-7.64388E-3
-7.64388E-3
-7.96597E-3
-8.28805E-3
-7.96597E-3
-7.64388E-3
-7.32180E-3
-6.67763E-3
-7.32180E-3
-7.64388E-3
-8.61013E-3
-7.64388E-3
-7.64388E-3
-6.99972E-3
-7.64388E-3
-7.32180E-3
-6.99972E-3
-7.32180E-3
-7.32180E-3
-7.96597E-3
-6.99972E-3
-7.64388E-3
-7.96597E-3
-7.96597E-3
-8.93222E-3
-7.64388E-3
-8.61013E-3
-7.64388E-3
-8.28805E-3
-7.64388E-3
-7.96597E-3
-7.96597E-3
-6.99972E-3
-7.32180E-3
-7.64388E-3
-7.96597E-3
-8.28805E-3
-8.28805E-3
-8.61013E-3
-7.96597E-3
-8.28805E-3
-7.64388E-3
-7.64388E-3
-8.61013E-3
-9.25430E-3
-8.61013E-3
-7.96597E-3
-9.25430E-3
-7.96597E-3
-8.28805E-3
-8.28805E-3
-8.61013E-3
-8.61013E-3
-8.61013E-3
-7.64388E-3
-7.96597E-3
-7.64388E-3
-7.64388E-3
-7.64388E-3
-7.32180E-3
-7.32180E-3
-7.32180E-3
-7.96597E-3
-7.64388E-3
-7.64388E-3
-7.64388E-3
-7.96597E-3
-7.96597E-3
-7.32180E-3
-7.64388E-3
-7.64388E-3
-7.96597E-3
-7.32180E-3
-7.64388E-3
-6.99972E-3
-7.64388E-3
-7.96597E-3
-7.64388E-3
-7.32180E-3
-7.32180E-3
-6.99972E-3
-6.99972E-3
-6.99972E-3
-7.64388E-3
-8.28805E-3
-7.32180E-3
-7.32180E-3
-7.32180E-3
-8.28805E-3
-7.32180E-3
-7.32180E-3
-7.32180E-3
-7.64388E-3
-7.64388E-3
-6.67763E-3
-6.99972E-3
-7.32180E-3
-7.64388E-3
