6.83446E+9
4.61490E+8
-3.78564E-1
0.00000E+0
0.00000E+0
0.00000E+0
5.00000E-7
-1.18310E-2
-8.28805E-3
-8.61013E-3
-8.28805E-3
-8.93222E-3
-8.93222E-3
-8.28805E-3
-8.28805E-3
-7.64388E-3
-8.61013E-3
-8.28805E-3
-7.96597E-3
-7.96597E-3
-7.64388E-3
-8.61013E-3
-8.28805E-3
-7.64388E-3
-8.28805E-3
-7.32180E-3
-7.96597E-3
-8.28805E-3
-8.61013E-3
-7.96597E-3
-8.28805E-3
-8.28805E-3
-7.96597E-3
-8.28805E-3
-8.28805E-3
-7.64388E-3
-8.28805E-3
-7.96597E-3
-7.32180E-3
-5.38930E-3
-4.74513E-3
-7.32180E-3
-1.66622E-2
-2.72910E-2
-3.30885E-2
-3.72755E-2
-3.92080E-2
-4.04964E-2
-4.11405E-2
-4.30730E-2
-4.40393E-2
-4.46835E-2
-4.53276E-2
-4.59718E-2
-4.66160E-2
-4.69380E-2
-4.69380E-2
-4.75822E-2
-4.79043E-2
-4.75822E-2
-4.69380E-2
-4.82264E-2
-4.85485E-2
-4.75822E-2
-4.82264E-2
-4.82264E-2
-4.85485E-2
-4.85485E-2
-4.85485E-2
-4.95147E-2
-4.95147E-2
-4.95147E-2
-4.88705E-2
-4.91926E-2
-4.85485E-2
-4.91926E-2
-4.88705E-2
-4.85485E-2
-4.82264E-2
-4.75822E-2
-4.82264E-2
-4.85485E-2
-4.82264E-2
-4.79043E-2
-4.75822E-2
-4.85485E-2
-4.79043E-2
-4.88705E-2
-4.79043E-2
-4.75822E-2
-4.72601E-2
-4.69380E-2
-4.79043E-2
-4.72601E-2
-4.79043E-2
-4.72601E-2
-4.72601E-2
-4.69380E-2
-4.75822E-2
-4.75822E-2
-4.75822E-2
-4.75822E-2
-4.75822E-2
-4.69380E-2
-4.79043E-2
-4.79043E-2
-4.79043E-2
-4.75822E-2
-4.69380E-2
-4.75822E-2
-4.82264E-2
-4.82264E-2
-4.69380E-2
-4.72601E-2
-4.85485E-2
-4.82264E-2
-4.82264E-2
-4.75822E-2
-4.75822E-2
-4.79043E-2
-4.85485E-2
-4.75822E-2
-4.85485E-2
-4.79043E-2
-4.75822E-2
-4.75822E-2
-4.66160E-2
-4.69380E-2
-4.72601E-2
-4.69380E-2
-4.66160E-2
-4.69380E-2
-4.62939E-2
-4.66160E-2
-4.59718E-2
-4.69380E-2
-4.72601E-2
-4.27510E-2
-4.75822E-2
-4.59718E-2
-4.21068E-2
-3.34105E-2
-2.47143E-2
-1.76285E-2
-1.40855E-2
-1.34414E-2
-1.40855E-2
-1.24751E-2
-1.11868E-2
-1.11868E-2
-9.89847E-3
-8.93222E-3
-8.93222E-3
-8.61013E-3
-7.64388E-3
-7.64388E-3
-8.28805E-3
-7.32180E-3
-7.64388E-3
-7.96597E-3
-7.96597E-3
-7.96597E-3
-7.96597E-3
-7.64388E-3
-7.64388E-3
-7.32180E-3
-8.28805E-3
-8.28805E-3
-7.32180E-3
-7.32180E-3
-6.99972E-3
-7.64388E-3
-7.32180E-3
-8.28805E-3
-7.96597E-3
-7.32180E-3
-7.96597E-3
-8.61013E-3
-6.67763E-3
-7.64388E-3
-2.53585E-2
-8.97751E-2
-1.60633E-1
-2.17642E-1
-2.57258E-1
-2.88178E-1
-3.12335E-1
-3.31982E-1
-3.45831E-1
-3.56138E-1
-3.63546E-1
-3.70310E-1
-3.76751E-1
-3.79972E-1
-3.83193E-1
-3.85770E-1
-3.88668E-1
-3.90279E-1
-3.90923E-1
-3.92533E-1
-3.94466E-1
-3.95754E-1
-3.94466E-1
-3.94788E-1
-3.96398E-1
-3.96398E-1
-3.95754E-1
-3.96398E-1
-3.96398E-1
-3.97043E-1
-3.98331E-1
-3.97687E-1
-3.97043E-1
-3.96076E-1
-3.96720E-1
-3.97365E-1
-3.98331E-1
-3.99941E-1
-3.99297E-1
-3.99297E-1
-3.98009E-1
-3.98653E-1
-3.98653E-1
-3.98331E-1
-3.96720E-1
-3.95754E-1
-3.94466E-1
-3.95754E-1
-3.95432E-1
-3.96398E-1
-3.98653E-1
-3.98653E-1
-3.98009E-1
-3.96398E-1
-3.96720E-1
-3.95432E-1
-3.95110E-1
-3.95110E-1
-3.94466E-1
-3.95754E-1
-3.96076E-1
-3.95754E-1
-3.95754E-1
-3.96720E-1
-3.97687E-1
-3.99297E-1
-3.98975E-1
-3.98975E-1
-3.97687E-1
-3.98009E-1
-3.98331E-1
-3.98975E-1
-3.98653E-1
-3.98009E-1
-3.98331E-1
-3.97365E-1
-3.96076E-1
-3.95432E-1
-3.94788E-1
-3.94466E-1
-3.94466E-1
-3.94788E-1
-3.95754E-1
-3.94788E-1
-3.95754E-1
-3.96398E-1
-3.97687E-1
-3.98009E-1
-3.97043E-1
-3.97043E-1
-3.97687E-1
-3.97365E-1
-3.98331E-1
-3.98975E-1
-3.98009E-1
-3.97043E-1
-3.96398E-1
-3.97687E-1
-3.99297E-1
-3.94788E-1
-3.37457E-1
-2.59191E-1
-1.86722E-1
-1.31646E-1
-9.68609E-2
-7.75359E-2
-6.62630E-2
-5.59564E-2
-4.69380E-2
-3.75976E-2
-3.14780E-2
-2.69689E-2
-2.37480E-2
-2.11714E-2
-1.89168E-2
-1.73064E-2
-1.53739E-2
-1.50518E-2
-1.34414E-2
-1.40855E-2
-1.24751E-2
-1.34414E-2
-1.27972E-2
-1.24751E-2
-1.15089E-2
-1.18310E-2
-1.18310E-2
-1.18310E-2
-1.21530E-2
-1.18310E-2
-1.15089E-2
-1.11868E-2
-1.15089E-2
-1.11868E-2
-1.08647E-2
-1.05426E-2
-1.05426E-2
-1.05426E-2
-1.05426E-2
-1.05426E-2
-1.05426E-2
-1.05426E-2
-1.08647E-2
-1.05426E-2
-1.08647E-2
-1.02205E-2
-9.89847E-3
-9.89847E-3
-1.05426E-2
-9.89847E-3
-1.02205E-2
-1.02205E-2
-9.89847E-3
-9.89847E-3
-1.02205E-2
-9.89847E-3
-9.89847E-3
-1.05426E-2
-1.02205E-2
-9.57638E-3
-9.57638E-3
-9.89847E-3
-9.25430E-3
-9.57638E-3
-8.93222E-3
-9.57638E-3
-9.57638E-3
-8.93222E-3
-9.89847E-3
-9.57638E-3
-1.02205E-2
-1.02205E-2
-1.05426E-2
-1.02205E-2
-9.89847E-3
-9.89847E-3
-1.05426E-2
-9.25430E-3
-9.25430E-3
-1.02205E-2
-1.02205E-2
-9.89847E-3
-9.25430E-3
-9.25430E-3
-9.89847E-3
-9.57638E-3
-8.61013E-3
-8.93222E-3
-9.25430E-3
-9.89847E-3
-9.25430E-3
-9.25430E-3
-9.57638E-3
-9.57638E-3
-8.61013E-3
-9.89847E-3
-8.93222E-3
-8.93222E-3
-8.93222E-3
-8.61013E-3
-9.25430E-3
-8.61013E-3
-8.28805E-3
-8.28805E-3
-9.57638E-3
-9.25430E-3
-8.28805E-3
-8.61013E-3
-8.61013E-3
-8.93222E-3
-8.61013E-3
-8.93222E-3
-7.96597E-3
-8.93222E-3
-8.93222E-3
-8.61013E-3
-8.93222E-3
-8.28805E-3
-8.61013E-3
-8.93222E-3
-8.28805E-3
-8.93222E-3
-9.89847E-3
-8.28805E-3
-8.61013E-3
-8.93222E-3
-8.28805E-3
-8.93222E-3
-8.61013E-3
-8.93222E-3
-9.25430E-3
-8.28805E-3
-8.61013E-3
-8.93222E-3
-9.25430E-3
-9.25430E-3
-8.28805E-3
-8.28805E-3
-8.61013E-3
-8.28805E-3
-8.28805E-3
-8.61013E-3
-8.28805E-3
-7.64388E-3
-8.61013E-3
-7.96597E-3
-8.61013E-3
-9.25430E-3
-9.57638E-3
-8.28805E-3
-8.61013E-3
-9.25430E-3
-9.25430E-3
-8.28805E-3
-8.93222E-3
-8.28805E-3
-7.96597E-3
-8.61013E-3
-8.28805E-3
-7.96597E-3
-7.96597E-3
-7.64388E-3
-8.28805E-3
-8.28805E-3
-7.96597E-3
-7.96597E-3
-8.28805E-3
-8.28805E-3
-8.61013E-3
-8.93222E-3
-8.61013E-3
-8.61013E-3
-9.25430E-3
-8.61013E-3
-8.61013E-3
-8.61013E-3
-8.61013E-3
-8.61013E-3
-8.61013E-3
-8.61013E-3
-8.28805E-3
-8.28805E-3
-8.61013E-3
-8.61013E-3
-8.28805E-3
-8.61013E-3
-8.93222E-3
-8.28805E-3
-7.96597E-3
-7.96597E-3
-8.28805E-3
-7.64388E-3
-8.28805E-3
-8.28805E-3
-8.61013E-3
-8.61013E-3
-8.28805E-3
-9.25430E-3
-9.25430E-3
-8.61013E-3
-7.96597E-3
-8.28805E-3
-7.96597E-3
-7.96597E-3
-8.28805E-3
-7.96597E-3
-8.61013E-3
-8.93222E-3
-7.96597E-3
-7.96597E-3
-8.93222E-3
-7.64388E-3
-7.96597E-3
-8.28805E-3
-8.93222E-3
-8.93222E-3
-8.28805E-3
-8.93222E-3
-8.93222E-3
-9.25430E-3
-8.28805E-3
-8.28805E-3
-8.93222E-3
-8.28805E-3
-9.25430E-3
-8.28805E-3
-8.28805E-3
-8.28805E-3
-8.61013E-3
-8.93222E-3
-8.93222E-3
-8.61013E-3
-8.61013E-3
-8.93222E-3
-8.28805E-3
-8.61013E-3
-8.61013E-3
-8.28805E-3
-8.28805E-3
-8.28805E-3
-7.96597E-3
-8.28805E-3
-7.64388E-3
-7.64388E-3
-8.61013E-3
-7.32180E-3
-7.64388E-3
-7.96597E-3
-8.28805E-3
-8.28805E-3
-8.28805E-3
-8.61013E-3
-8.61013E-3
-8.93222E-3
-7.64388E-3
-8.28805E-3
-8.93222E-3
-8.28805E-3
-6.99972E-3
-6.99972E-3
-7.64388E-3
-8.28805E-3
-8.61013E-3
-7.96597E-3
-8.28805E-3
-8.61013E-3
-8.28805E-3
-8.28805E-3
-8.28805E-3
-7.96597E-3
-8.28805E-3
-8.61013E-3
-9.25430E-3
-8.61013E-3
-8.61013E-3
-8.28805E-3
-8.93222E-3
-8.28805E-3
-8.61013E-3
-8.28805E-3
-8.28805E-3
-7.64388E-3
-8.28805E-3
-8.61013E-3
-8.28805E-3
-8.61013E-3
-8.28805E-3
-8.61013E-3
-8.28805E-3
-9.25430E-3
-9.57638E-3
-9.25430E-3
-9.25430E-3
-9.89847E-3
-9.25430E-3
-9.25430E-3
-9.57638E-3
-9.57638E-3
-8.61013E-3
-8.93222E-3
-9.25430E-3
-8.28805E-3
-8.61013E-3
-9.25430E-3
-9.25430E-3
-8.28805E-3
-9.25430E-3
-9.57638E-3
-8.93222E-3
-8.28805E-3
-8.93222E-3
-8.93222E-3
-8.93222E-3
-7.64388E-3
-7.64388E-3
-7.96597E-3
-7.32180E-3
-8.61013E-3
-8.28805E-3
-8.61013E-3
-8.28805E-3
-7.96597E-3
-9.57638E-3
-7.96597E-3
-8.28805E-3
-7.96597E-3
-7.64388E-3
-8.61013E-3
-8.93222E-3
-9.25430E-3
-8.61013E-3
-8.28805E-3
-8.28805E-3
-7.96597E-3
-8.28805E-3
-8.61013E-3
-8.28805E-3
