6.83415E+9
4.61180E+8
-3.01388E-1
0.00000E+0
0.00000E+0
0.00000E+0
5.00000E-7
-1.18310E-2
-8.28805E-3
-9.25430E-3
-8.93222E-3
-8.61013E-3
-8.61013E-3
-8.93222E-3
-9.25430E-3
-8.28805E-3
-9.25430E-3
-8.61013E-3
-8.28805E-3
-9.25430E-3
-9.89847E-3
-9.57638E-3
-8.61013E-3
-9.25430E-3
-8.93222E-3
-8.28805E-3
-7.96597E-3
-9.57638E-3
-8.93222E-3
-8.61013E-3
-8.93222E-3
-7.96597E-3
-9.25430E-3
-8.93222E-3
-8.93222E-3
-8.61013E-3
-8.28805E-3
-8.61013E-3
-7.64388E-3
-6.03347E-3
-4.42305E-3
-5.71138E-3
-1.11868E-2
-1.82726E-2
-2.27818E-2
-2.53585E-2
-2.63247E-2
-2.60026E-2
-2.79351E-2
-2.92235E-2
-2.98676E-2
-3.05118E-2
-3.08339E-2
-3.05118E-2
-3.21222E-2
-3.21222E-2
-3.24443E-2
-3.27664E-2
-3.30885E-2
-3.34105E-2
-3.34105E-2
-3.37326E-2
-3.34105E-2
-3.27664E-2
-3.40547E-2
-3.24443E-2
-3.30885E-2
-3.27664E-2
-3.24443E-2
-3.21222E-2
-3.24443E-2
-3.30885E-2
-3.27664E-2
-3.30885E-2
-3.37326E-2
-3.30885E-2
-3.30885E-2
-3.30885E-2
-3.37326E-2
-3.34105E-2
-3.34105E-2
-3.27664E-2
-3.30885E-2
-3.27664E-2
-3.37326E-2
-3.37326E-2
-3.27664E-2
-3.43768E-2
-3.37326E-2
-3.37326E-2
-3.34105E-2
-3.40547E-2
-3.30885E-2
-3.40547E-2
-3.34105E-2
-3.37326E-2
-3.40547E-2
-3.34105E-2
-3.34105E-2
-3.34105E-2
-3.27664E-2
-3.30885E-2
-3.30885E-2
-3.27664E-2
-3.30885E-2
-3.30885E-2
-3.34105E-2
-3.30885E-2
-3.34105E-2
-3.24443E-2
-3.27664E-2
-3.34105E-2
-3.27664E-2
-3.34105E-2
-3.27664E-2
-3.30885E-2
-3.24443E-2
-3.27664E-2
-3.27664E-2
-3.21222E-2
-3.24443E-2
-3.24443E-2
-3.24443E-2
-3.24443E-2
-3.24443E-2
-3.21222E-2
-3.24443E-2
-3.24443E-2
-3.18001E-2
-3.27664E-2
-3.27664E-2
-3.24443E-2
-3.27664E-2
-3.27664E-2
-3.27664E-2
-3.30885E-2
-3.34105E-2
-2.79351E-2
-3.27664E-2
-3.34105E-2
-3.08339E-2
-2.47143E-2
-1.92389E-2
-1.47297E-2
-1.34414E-2
-1.18310E-2
-1.11868E-2
-1.15089E-2
-1.02205E-2
-9.25430E-3
-8.93222E-3
-8.61013E-3
-7.96597E-3
-8.28805E-3
-7.96597E-3
-7.64388E-3
-6.99972E-3
-7.96597E-3
-6.99972E-3
-7.32180E-3
-6.99972E-3
-6.67763E-3
-7.96597E-3
-6.99972E-3
-6.99972E-3
-6.99972E-3
-6.99972E-3
-7.64388E-3
-6.99972E-3
-6.99972E-3
-7.32180E-3
-6.99972E-3
-6.99972E-3
-6.35555E-3
-6.67763E-3
-5.71138E-3
-6.03347E-3
-6.35555E-3
-5.71138E-3
-6.99972E-3
-2.02051E-2
-6.65851E-2
-1.23916E-1
-1.69652E-1
-2.04115E-1
-2.30203E-1
-2.49850E-1
-2.66277E-1
-2.76583E-1
-2.85280E-1
-2.91399E-1
-2.98485E-1
-3.02672E-1
-3.05893E-1
-3.06537E-1
-3.08792E-1
-3.10724E-1
-3.13301E-1
-3.14911E-1
-3.16522E-1
-3.15233E-1
-3.15555E-1
-3.15233E-1
-3.15555E-1
-3.17166E-1
-3.18454E-1
-3.18776E-1
-3.19098E-1
-3.18454E-1
-3.19098E-1
-3.17488E-1
-3.18132E-1
-3.19420E-1
-3.20387E-1
-3.19420E-1
-3.20387E-1
-3.19743E-1
-3.21031E-1
-3.20387E-1
-3.21031E-1
-3.20709E-1
-3.21031E-1
-3.20709E-1
-3.21031E-1
-3.21031E-1
-3.20709E-1
-3.19743E-1
-3.21675E-1
-3.21031E-1
-3.21675E-1
-3.21031E-1
-3.19098E-1
-3.20065E-1
-3.20065E-1
-3.21031E-1
-3.21031E-1
-3.21353E-1
-3.20709E-1
-3.21031E-1
-3.20387E-1
-3.20709E-1
-3.20065E-1
-3.19098E-1
-3.18454E-1
-3.19098E-1
-3.19743E-1
-3.19743E-1
-3.19743E-1
-3.19098E-1
-3.18454E-1
-3.19098E-1
-3.19743E-1
-3.20065E-1
-3.19743E-1
-3.20065E-1
-3.19743E-1
-3.19743E-1
-3.20387E-1
-3.19420E-1
-3.19098E-1
-3.20387E-1
-3.19420E-1
-3.19098E-1
-3.19743E-1
-3.19743E-1
-3.20387E-1
-3.19743E-1
-3.19420E-1
-3.18454E-1
-3.18454E-1
-3.18776E-1
-3.19098E-1
-3.18776E-1
-3.19420E-1
-3.19743E-1
-3.20387E-1
-3.19420E-1
-3.20387E-1
-3.20709E-1
-3.18776E-1
-2.73363E-1
-2.10556E-1
-1.52259E-1
-1.07490E-1
-7.94684E-2
-6.46526E-2
-5.53122E-2
-4.79043E-2
-3.98522E-2
-3.24443E-2
-2.69689E-2
-2.37480E-2
-2.05272E-2
-1.89168E-2
-1.69843E-2
-1.53739E-2
-1.44076E-2
-1.37635E-2
-1.31193E-2
-1.24751E-2
-1.18310E-2
-1.21530E-2
-1.11868E-2
-1.15089E-2
-1.18310E-2
-1.08647E-2
-1.11868E-2
-1.11868E-2
-1.08647E-2
-1.08647E-2
-1.11868E-2
-1.08647E-2
-1.08647E-2
-1.05426E-2
-9.57638E-3
-9.89847E-3
-1.02205E-2
-1.05426E-2
-1.05426E-2
-9.25430E-3
-9.25430E-3
-9.57638E-3
-9.25430E-3
-9.57638E-3
-9.57638E-3
-9.25430E-3
-9.57638E-3
-9.57638E-3
-9.57638E-3
-9.57638E-3
-9.25430E-3
-9.57638E-3
-9.57638E-3
-9.89847E-3
-9.57638E-3
-8.93222E-3
-9.25430E-3
-8.28805E-3
-8.61013E-3
-9.57638E-3
-9.25430E-3
-9.25430E-3
-8.61013E-3
-9.25430E-3
-9.25430E-3
-8.28805E-3
-9.25430E-3
-8.61013E-3
-8.28805E-3
-9.25430E-3
-8.61013E-3
-8.61013E-3
-9.25430E-3
-8.61013E-3
-9.25430E-3
-9.25430E-3
-8.61013E-3
-9.25430E-3
-9.25430E-3
-9.25430E-3
-9.25430E-3
-8.61013E-3
-8.61013E-3
-8.61013E-3
-8.61013E-3
-9.25430E-3
-8.61013E-3
-8.61013E-3
-8.61013E-3
-8.28805E-3
-9.25430E-3
-8.61013E-3
-8.28805E-3
-8.28805E-3
-8.28805E-3
-8.28805E-3
-8.61013E-3
-8.28805E-3
-8.93222E-3
-8.93222E-3
-8.28805E-3
-8.61013E-3
-8.61013E-3
-8.61013E-3
-8.61013E-3
-9.25430E-3
-7.96597E-3
-8.61013E-3
-9.25430E-3
-8.28805E-3
-8.28805E-3
-8.61013E-3
-8.28805E-3
-8.61013E-3
-9.25430E-3
-8.61013E-3
-8.28805E-3
-7.32180E-3
-7.96597E-3
-7.96597E-3
-8.93222E-3
-7.64388E-3
-9.25430E-3
-8.93222E-3
-8.61013E-3
-9.25430E-3
-8.61013E-3
-8.28805E-3
-8.61013E-3
-8.28805E-3
-7.32180E-3
-8.28805E-3
-8.28805E-3
-8.61013E-3
-8.61013E-3
-7.96597E-3
-8.61013E-3
-8.61013E-3
-8.61013E-3
-8.28805E-3
-8.28805E-3
-8.28805E-3
-7.32180E-3
-7.32180E-3
-7.64388E-3
-7.64388E-3
-7.64388E-3
-7.64388E-3
-7.64388E-3
-7.32180E-3
-8.61013E-3
-7.32180E-3
-7.64388E-3
-8.28805E-3
-8.61013E-3
-8.28805E-3
-8.93222E-3
-8.93222E-3
-8.28805E-3
-8.28805E-3
-8.61013E-3
-9.25430E-3
-8.28805E-3
-8.61013E-3
-8.28805E-3
-7.96597E-3
-8.28805E-3
-8.61013E-3
-8.61013E-3
-7.96597E-3
-8.61013E-3
-7.96597E-3
-7.64388E-3
-8.61013E-3
-8.93222E-3
-8.93222E-3
-8.61013E-3
-8.28805E-3
-8.61013E-3
-7.96597E-3
-8.61013E-3
-8.61013E-3
-9.57638E-3
-8.61013E-3
-8.93222E-3
-9.25430E-3
-8.61013E-3
-8.93222E-3
-8.61013E-3
-8.28805E-3
-8.28805E-3
-8.28805E-3
-7.32180E-3
-8.28805E-3
-8.28805E-3
-7.96597E-3
-7.96597E-3
-9.25430E-3
-7.96597E-3
-6.99972E-3
-7.96597E-3
-7.32180E-3
-7.64388E-3
-7.64388E-3
-7.96597E-3
-8.28805E-3
-7.64388E-3
-8.61013E-3
-7.96597E-3
-7.64388E-3
-7.64388E-3
-8.61013E-3
-7.96597E-3
-6.99972E-3
-8.28805E-3
-7.64388E-3
-8.28805E-3
-7.32180E-3
-7.96597E-3
-8.28805E-3
-7.64388E-3
-7.64388E-3
-8.28805E-3
-7.96597E-3
-8.28805E-3
-8.28805E-3
-7.96597E-3
-8.93222E-3
-7.96597E-3
-8.93222E-3
-8.93222E-3
-8.61013E-3
-8.28805E-3
-8.28805E-3
-8.93222E-3
-8.61013E-3
-8.93222E-3
-8.28805E-3
-9.25430E-3
-8.28805E-3
-9.25430E-3
-8.93222E-3
-8.28805E-3
-7.96597E-3
-8.61013E-3
-8.61013E-3
-8.28805E-3
-8.61013E-3
-8.61013E-3
-8.28805E-3
-9.25430E-3
-8.93222E-3
-9.25430E-3
-8.93222E-3
-8.93222E-3
-8.93222E-3
-8.61013E-3
-8.61013E-3
-8.28805E-3
-9.25430E-3
-9.25430E-3
-9.25430E-3
-8.28805E-3
-8.61013E-3
-7.96597E-3
-8.61013E-3
-7.96597E-3
-8.28805E-3
-8.28805E-3
-8.61013E-3
-8.61013E-3
-9.57638E-3
-8.93222E-3
-7.96597E-3
-7.96597E-3
-8.28805E-3
-7.96597E-3
-7.64388E-3
-7.96597E-3
-8.28805E-3
-8.28805E-3
-8.61013E-3
-8.61013E-3
-8.28805E-3
-8.28805E-3
-7.96597E-3
-8.61013E-3
-8.61013E-3
-8.28805E-3
-8.61013E-3
-8.28805E-3
-7.96597E-3
-8.93222E-3
-8.28805E-3
-7.32180E-3
-7.96597E-3
-7.96597E-3
-8.28805E-3
-8.61013E-3
-8.61013E-3
-8.61013E-3
-8.61013E-3
-8.28805E-3
-8.61013E-3
-7.96597E-3
-8.93222E-3
-8.61013E-3
-8.61013E-3
-8.61013E-3
-9.57638E-3
-8.93222E-3
-8.93222E-3
-8.93222E-3
-8.61013E-3
-8.61013E-3
-8.61013E-3
-8.61013E-3
-9.25430E-3
-8.28805E-3
-8.61013E-3
-9.25430E-3
-8.28805E-3
-8.28805E-3
-8.28805E-3
-8.93222E-3
-8.93222E-3
-8.28805E-3
-8.61013E-3
-8.28805E-3
-8.61013E-3
-9.25430E-3
-8.28805E-3
-8.93222E-3
-8.93222E-3
-8.93222E-3
-8.61013E-3
-8.93222E-3
