6.83408E+9
4.61110E+8
-1.75941E-2
0.00000E+0
0.00000E+0
0.00000E+0
5.00000E-7
-1.15089E-2
-8.28805E-3
-8.61013E-3
-8.61013E-3
-9.25430E-3
-9.57638E-3
-7.96597E-3
-8.28805E-3
-7.64388E-3
-7.64388E-3
-7.64388E-3
-8.28805E-3
-7.64388E-3
-7.64388E-3
-8.28805E-3
-7.64388E-3
-8.28805E-3
-8.61013E-3
-8.28805E-3
-8.61013E-3
-9.25430E-3
-7.96597E-3
-8.61013E-3
-7.64388E-3
-7.96597E-3
-7.96597E-3
-8.61013E-3
-8.28805E-3
-7.96597E-3
-7.96597E-3
-7.32180E-3
-6.67763E-3
-3.77888E-3
-2.81263E-3
-2.81263E-3
-5.38930E-3
-7.64388E-3
-9.89847E-3
-1.15089E-2
-1.18310E-2
-1.21530E-2
-1.27972E-2
-1.31193E-2
-1.37635E-2
-1.40855E-2
-1.47297E-2
-1.53739E-2
-1.56960E-2
-1.50518E-2
-1.50518E-2
-1.53739E-2
-1.53739E-2
-1.56960E-2
-1.56960E-2
-1.60180E-2
-1.56960E-2
-1.56960E-2
-1.63401E-2
-1.66622E-2
-1.69843E-2
-1.63401E-2
-1.73064E-2
-1.66622E-2
-1.63401E-2
-1.66622E-2
-1.63401E-2
-1.69843E-2
-1.73064E-2
-1.73064E-2
-1.66622E-2
-1.69843E-2
-1.73064E-2
-1.69843E-2
-1.69843E-2
-1.73064E-2
-1.69843E-2
-1.66622E-2
-1.73064E-2
-1.76285E-2
-1.79505E-2
-1.82726E-2
-1.73064E-2
-1.73064E-2
-1.63401E-2
-1.66622E-2
-1.69843E-2
-1.73064E-2
-1.73064E-2
-1.73064E-2
-1.69843E-2
-1.63401E-2
-1.66622E-2
-1.69843E-2
-1.66622E-2
-1.66622E-2
-1.73064E-2
-1.69843E-2
-1.63401E-2
-1.66622E-2
-1.66622E-2
-1.69843E-2
-1.69843E-2
-1.69843E-2
-1.66622E-2
-1.66622E-2
-1.66622E-2
-1.66622E-2
-1.69843E-2
-1.69843E-2
-1.69843E-2
-1.66622E-2
-1.69843E-2
-1.66622E-2
-1.69843E-2
-1.73064E-2
-1.73064E-2
-1.76285E-2
-1.69843E-2
-1.73064E-2
-1.73064E-2
-1.69843E-2
-1.66622E-2
-1.73064E-2
-1.79505E-2
-1.66622E-2
-1.73064E-2
-1.73064E-2
-1.73064E-2
-1.73064E-2
-1.69843E-2
-1.18310E-2
-1.76285E-2
-1.79505E-2
-1.79505E-2
-1.37635E-2
-1.21530E-2
-1.08647E-2
-8.93222E-3
-9.25430E-3
-8.61013E-3
-9.25430E-3
-7.96597E-3
-7.64388E-3
-6.99972E-3
-6.99972E-3
-7.32180E-3
-7.32180E-3
-7.64388E-3
-6.99972E-3
-7.32180E-3
-6.35555E-3
-6.67763E-3
-6.35555E-3
-5.71138E-3
-6.35555E-3
-6.67763E-3
-6.03347E-3
-6.03347E-3
-5.71138E-3
-6.35555E-3
-7.32180E-3
-6.35555E-3
-6.03347E-3
-6.35555E-3
-6.99972E-3
-6.35555E-3
-6.35555E-3
-6.35555E-3
-6.35555E-3
-6.99972E-3
-6.35555E-3
-5.71138E-3
-5.71138E-3
-6.67763E-3
-9.57638E-3
-1.21530E-2
-1.44076E-2
-1.53739E-2
-1.50518E-2
-1.53739E-2
-1.73064E-2
-1.60180E-2
-1.63401E-2
-1.66622E-2
-1.63401E-2
-1.79505E-2
-1.79505E-2
-1.76285E-2
-1.85947E-2
-1.76285E-2
-1.79505E-2
-1.76285E-2
-1.76285E-2
-1.73064E-2
-1.69843E-2
-1.79505E-2
-1.76285E-2
-1.76285E-2
-1.76285E-2
-1.82726E-2
-1.95610E-2
-1.82726E-2
-1.79505E-2
-1.82726E-2
-1.76285E-2
-1.76285E-2
-1.73064E-2
-1.76285E-2
-1.73064E-2
-1.73064E-2
-1.63401E-2
-1.73064E-2
-1.76285E-2
-1.73064E-2
-1.73064E-2
-1.69843E-2
-1.73064E-2
-1.69843E-2
-1.69843E-2
-1.66622E-2
-1.73064E-2
-1.73064E-2
-1.66622E-2
-1.69843E-2
-1.69843E-2
-1.73064E-2
-1.73064E-2
-1.79505E-2
-1.69843E-2
-1.76285E-2
-1.76285E-2
-1.79505E-2
-1.82726E-2
-1.76285E-2
-1.76285E-2
-1.73064E-2
-1.69843E-2
-1.76285E-2
-1.76285E-2
-1.73064E-2
-1.79505E-2
-1.76285E-2
-1.73064E-2
-1.76285E-2
-1.76285E-2
-1.76285E-2
-1.76285E-2
-1.76285E-2
-1.76285E-2
-1.76285E-2
-1.76285E-2
-1.79505E-2
-1.76285E-2
-1.76285E-2
-1.73064E-2
-1.76285E-2
-1.79505E-2
-1.79505E-2
-1.79505E-2
-1.76285E-2
-1.89168E-2
-1.85947E-2
-1.82726E-2
-1.76285E-2
-1.73064E-2
-1.76285E-2
-1.89168E-2
-1.73064E-2
-1.66622E-2
-1.76285E-2
-1.73064E-2
-1.82726E-2
-1.98830E-2
-2.02051E-2
-1.89168E-2
-1.63401E-2
-1.44076E-2
-1.34414E-2
-1.34414E-2
-1.24751E-2
-1.18310E-2
-1.18310E-2
-1.11868E-2
-9.89847E-3
-9.57638E-3
-9.25430E-3
-9.57638E-3
-9.57638E-3
-9.25430E-3
-9.57638E-3
-9.89847E-3
-9.25430E-3
-9.25430E-3
-8.93222E-3
-8.93222E-3
-9.25430E-3
-7.96597E-3
-8.93222E-3
-8.28805E-3
-8.28805E-3
-7.96597E-3
-8.93222E-3
-8.28805E-3
-8.61013E-3
-8.93222E-3
-8.61013E-3
-8.93222E-3
-7.96597E-3
-9.25430E-3
-9.25430E-3
-9.25430E-3
-8.93222E-3
-9.25430E-3
-8.28805E-3
-9.25430E-3
-8.93222E-3
-8.61013E-3
-9.25430E-3
-8.28805E-3
-8.93222E-3
-7.96597E-3
-8.61013E-3
-8.28805E-3
-8.61013E-3
-8.93222E-3
-9.25430E-3
-8.28805E-3
-7.96597E-3
-9.25430E-3
-8.61013E-3
-8.28805E-3
-8.28805E-3
-8.28805E-3
-8.93222E-3
-7.96597E-3
-8.61013E-3
-8.61013E-3
-7.96597E-3
-8.28805E-3
-7.96597E-3
-7.96597E-3
-7.96597E-3
-7.64388E-3
-7.64388E-3
-7.32180E-3
-7.96597E-3
-8.93222E-3
-8.28805E-3
-7.96597E-3
-7.64388E-3
-7.64388E-3
-7.32180E-3
-7.64388E-3
-8.28805E-3
-7.96597E-3
-7.64388E-3
-8.28805E-3
-7.64388E-3
-8.28805E-3
-8.61013E-3
-8.28805E-3
-7.96597E-3
-8.93222E-3
-8.28805E-3
-8.28805E-3
-7.96597E-3
-7.96597E-3
-8.28805E-3
-8.28805E-3
-8.61013E-3
-8.93222E-3
-8.93222E-3
-8.61013E-3
-9.25430E-3
-8.93222E-3
-9.25430E-3
-9.25430E-3
-8.93222E-3
-8.61013E-3
-9.57638E-3
-8.28805E-3
-8.61013E-3
-9.25430E-3
-9.25430E-3
-9.25430E-3
-9.25430E-3
-9.25430E-3
-9.57638E-3
-9.25430E-3
-8.28805E-3
-8.93222E-3
-8.61013E-3
-7.96597E-3
-7.96597E-3
-7.64388E-3
-7.32180E-3
-8.28805E-3
-8.28805E-3
-8.61013E-3
-8.61013E-3
-8.61013E-3
-8.61013E-3
-8.28805E-3
-8.28805E-3
-8.93222E-3
-7.96597E-3
-8.28805E-3
-7.96597E-3
-8.61013E-3
-7.96597E-3
-8.28805E-3
-8.61013E-3
-8.61013E-3
-8.93222E-3
-8.93222E-3
-8.93222E-3
-8.28805E-3
-8.93222E-3
-8.61013E-3
-8.93222E-3
-9.25430E-3
-8.61013E-3
-8.28805E-3
-7.96597E-3
-8.61013E-3
-8.61013E-3
-8.61013E-3
-8.28805E-3
-7.96597E-3
-8.28805E-3
-8.61013E-3
-8.93222E-3
-8.93222E-3
-8.61013E-3
-8.28805E-3
-8.93222E-3
-8.93222E-3
-8.61013E-3
-9.25430E-3
-9.25430E-3
-9.25430E-3
-8.28805E-3
-7.96597E-3
-8.28805E-3
-8.28805E-3
-8.93222E-3
-7.96597E-3
-7.96597E-3
-7.96597E-3
-8.61013E-3
-8.28805E-3
-7.96597E-3
-7.96597E-3
-8.28805E-3
-7.96597E-3
-8.28805E-3
-8.61013E-3
-8.28805E-3
-8.61013E-3
-8.28805E-3
-8.61013E-3
-8.28805E-3
-8.61013E-3
-7.96597E-3
-7.96597E-3
-8.61013E-3
-8.28805E-3
-8.61013E-3
-8.93222E-3
-8.93222E-3
-8.93222E-3
-8.61013E-3
-7.96597E-3
-7.96597E-3
-8.28805E-3
-7.96597E-3
-7.64388E-3
-7.64388E-3
-8.28805E-3
-8.28805E-3
-8.61013E-3
-8.61013E-3
-8.28805E-3
-8.28805E-3
-8.28805E-3
-8.61013E-3
-8.61013E-3
-8.28805E-3
-8.28805E-3
-7.96597E-3
-7.64388E-3
-7.96597E-3
-8.28805E-3
-8.28805E-3
-8.61013E-3
-8.28805E-3
-9.25430E-3
-8.93222E-3
-8.28805E-3
-8.28805E-3
-8.61013E-3
-7.96597E-3
-8.28805E-3
-7.96597E-3
-7.96597E-3
-8.61013E-3
-9.25430E-3
-8.61013E-3
-9.25430E-3
-8.93222E-3
-8.93222E-3
-8.28805E-3
-7.96597E-3
-8.28805E-3
-7.64388E-3
-7.96597E-3
-7.96597E-3
-6.99972E-3
-7.32180E-3
-7.64388E-3
-8.28805E-3
-8.61013E-3
-8.93222E-3
-8.93222E-3
-9.25430E-3
-8.61013E-3
-8.93222E-3
-7.96597E-3
-8.28805E-3
-8.28805E-3
-8.28805E-3
-7.96597E-3
-8.93222E-3
-8.61013E-3
-9.25430E-3
-8.93222E-3
-8.93222E-3
-8.93222E-3
-9.57638E-3
-9.25430E-3
-9.25430E-3
-9.57638E-3
-8.28805E-3
-8.61013E-3
-8.93222E-3
-9.57638E-3
-9.25430E-3
-9.57638E-3
-9.57638E-3
-8.28805E-3
-8.93222E-3
-7.64388E-3
-8.28805E-3
-7.96597E-3
-8.61013E-3
-7.64388E-3
-8.28805E-3
-8.61013E-3
-8.93222E-3
-8.28805E-3
-7.96597E-3
-8.93222E-3
-9.25430E-3
-9.25430E-3
-8.93222E-3
-8.93222E-3
-8.28805E-3
-8.61013E-3
-8.93222E-3
-8.61013E-3
-8.61013E-3
-8.28805E-3
-7.64388E-3
-7.64388E-3
-7.96597E-3
-8.28805E-3
-8.28805E-3
-7.96597E-3
-8.61013E-3
-8.61013E-3
-8.28805E-3
-8.93222E-3
-8.28805E-3
-8.61013E-3
-8.61013E-3
-7.96597E-3
-8.28805E-3
-7.96597E-3
-7.64388E-3
-8.28805E-3
-7.96597E-3
-8.61013E-3
-8.93222E-3
-8.28805E-3
-8.28805E-3
-8.61013E-3
-8.61013E-3
-7.96597E-3
-8.61013E-3
-8.61013E-3
-8.61013E-3
-8.28805E-3
-8.61013E-3
-9.25430E-3
-9.25430E-3
-8.61013E-3
-9.57638E-3
-9.25430E-3
-8.93222E-3
-8.93222E-3
