6.83504E+9
4.62070E+8
-3.80324E-1
0.00000E+0
0.00000E+0
0.00000E+0
5.00000E-7
-1.08647E-2
-7.32180E-3
-6.99972E-3
-7.96597E-3
-7.96597E-3
-8.61013E-3
-8.61013E-3
-8.61013E-3
-8.28805E-3
-7.96597E-3
-8.28805E-3
-5.71138E-3
-3.45680E-3
-6.03347E-3
-9.25430E-3
-8.93222E-3
-9.25430E-3
-7.96597E-3
-7.96597E-3
-7.96597E-3
-9.25430E-3
-8.61013E-3
-7.64388E-3
-7.64388E-3
-7.96597E-3
-7.64388E-3
-8.61013E-3
-7.96597E-3
-7.64388E-3
-7.96597E-3
-7.64388E-3
-6.67763E-3
-5.38930E-3
-4.42305E-3
-1.18310E-2
-3.01897E-2
-4.85485E-2
-5.98214E-2
-6.49747E-2
-6.75514E-2
-7.10943E-2
-7.46372E-2
-7.72139E-2
-7.91464E-2
-8.01126E-2
-8.07568E-2
-8.14009E-2
-8.20451E-2
-8.33334E-2
-8.36555E-2
-8.33334E-2
-8.39776E-2
-8.42997E-2
-8.46218E-2
-8.42997E-2
-8.42997E-2
-8.49439E-2
-8.59101E-2
-8.52659E-2
-8.55880E-2
-8.59101E-2
-8.62322E-2
-8.97751E-2
-8.81647E-2
-8.55880E-2
-8.39776E-2
-8.39776E-2
-8.62322E-2
-8.59101E-2
-8.59101E-2
-8.42997E-2
-8.49439E-2
-8.46218E-2
-8.46218E-2
-8.52659E-2
-8.39776E-2
-8.46218E-2
-8.39776E-2
-8.36555E-2
-8.36555E-2
-8.42997E-2
-8.36555E-2
-8.33334E-2
-8.30114E-2
-8.36555E-2
-8.36555E-2
-8.30114E-2
-8.30114E-2
-8.30114E-2
-8.26893E-2
-8.26893E-2
-8.23672E-2
-8.36555E-2
-8.26893E-2
-8.23672E-2
-8.30114E-2
-8.30114E-2
-8.26893E-2
-8.26893E-2
-8.23672E-2
-8.20451E-2
-8.20451E-2
-8.23672E-2
-8.23672E-2
-8.26893E-2
-8.20451E-2
-8.30114E-2
-8.23672E-2
-8.20451E-2
-8.14009E-2
-8.20451E-2
-8.01126E-2
-7.75359E-2
-7.97905E-2
-8.14009E-2
-8.23672E-2
-8.26893E-2
-8.20451E-2
-8.04347E-2
-8.10789E-2
-8.14009E-2
-8.07568E-2
-8.01126E-2
-7.97905E-2
-7.91464E-2
-7.97905E-2
-8.01126E-2
-7.94684E-2
-7.94684E-2
-7.94684E-2
-7.49593E-2
-8.01126E-2
-7.91464E-2
-7.04501E-2
-5.46680E-2
-3.88860E-2
-2.79351E-2
-2.18155E-2
-1.92389E-2
-1.73064E-2
-1.66622E-2
-1.34414E-2
-1.24751E-2
-1.02205E-2
-9.89847E-3
-9.25430E-3
-9.25430E-3
-9.25430E-3
-8.28805E-3
-7.96597E-3
-7.64388E-3
-7.64388E-3
-7.96597E-3
-7.32180E-3
-7.96597E-3
-7.32180E-3
-7.64388E-3
-7.96597E-3
-7.96597E-3
-7.64388E-3
-8.61013E-3
-7.32180E-3
-1.08647E-2
-9.25430E-3
-6.67763E-3
-5.38930E-3
-5.06722E-3
-8.28805E-3
-8.61013E-3
-8.28805E-3
-7.64388E-3
-7.32180E-3
-7.64388E-3
-2.95455E-2
-9.58947E-2
-1.66109E-1
-2.22473E-1
-2.63056E-1
-2.93010E-1
-3.15878E-1
-3.33270E-1
-3.46798E-1
-3.57426E-1
-3.64512E-1
-3.69988E-1
-3.74819E-1
-3.79972E-1
-3.84159E-1
-3.88024E-1
-3.90601E-1
-3.92211E-1
-3.92211E-1
-3.91245E-1
-3.91567E-1
-3.93178E-1
-3.94466E-1
-3.97043E-1
-3.97687E-1
-3.98009E-1
-3.98331E-1
-3.99941E-1
-3.99619E-1
-4.00585E-1
-3.98009E-1
-3.96076E-1
-3.95754E-1
-3.95754E-1
-3.97687E-1
-3.99297E-1
-3.98653E-1
-3.98975E-1
-3.95754E-1
-3.97365E-1
-3.96398E-1
-3.98975E-1
-3.99619E-1
-3.97687E-1
-3.96076E-1
-3.96076E-1
-3.98331E-1
-4.01230E-1
-4.00908E-1
-4.01230E-1
-4.01230E-1
-4.01874E-1
-4.02196E-1
-4.01230E-1
-4.00908E-1
-4.01552E-1
-4.00263E-1
-4.00585E-1
-4.00908E-1
-4.01230E-1
-4.00908E-1
-4.01230E-1
-4.01230E-1
-4.02196E-1
-4.00263E-1
-4.01230E-1
-3.98653E-1
-3.99297E-1
-3.98331E-1
-3.96720E-1
-3.97687E-1
-3.98331E-1
-3.98331E-1
-3.98009E-1
-3.98331E-1
-3.98653E-1
-3.97365E-1
-3.97365E-1
-3.96720E-1
-3.98009E-1
-3.98653E-1
-3.98653E-1
-3.98331E-1
-3.98331E-1
-3.98653E-1
-3.97365E-1
-3.97365E-1
-3.98009E-1
-3.98975E-1
-3.97687E-1
-4.01552E-1
-3.99297E-1
-3.98331E-1
-3.98975E-1
-3.98975E-1
-3.98009E-1
-3.97365E-1
-3.96398E-1
-3.98331E-1
-3.91889E-1
-3.34558E-1
-2.57580E-1
-1.85434E-1
-1.31646E-1
-9.58947E-2
-7.78580E-2
-6.52968E-2
-5.59564E-2
-4.66160E-2
-3.79197E-2
-3.11560E-2
-2.69689E-2
-2.40701E-2
-2.11714E-2
-1.95610E-2
-1.82726E-2
-1.63401E-2
-1.53739E-2
-1.40855E-2
-1.37635E-2
-1.37635E-2
-1.27972E-2
-1.31193E-2
-1.24751E-2
-1.24751E-2
-1.21530E-2
-1.24751E-2
-1.21530E-2
-1.18310E-2
-1.15089E-2
-1.11868E-2
-1.11868E-2
-1.11868E-2
-1.11868E-2
-1.08647E-2
-1.02205E-2
-1.11868E-2
-1.05426E-2
-9.89847E-3
-7.64388E-3
-9.57638E-3
-1.15089E-2
-1.27972E-2
-1.21530E-2
-1.11868E-2
-1.02205E-2
-1.05426E-2
-1.11868E-2
-1.02205E-2
-1.05426E-2
-1.08647E-2
-9.57638E-3
-1.02205E-2
-1.05426E-2
-1.05426E-2
-1.05426E-2
-1.02205E-2
-1.05426E-2
-1.05426E-2
-9.57638E-3
-9.57638E-3
-9.89847E-3
-9.57638E-3
-9.57638E-3
-8.93222E-3
-9.25430E-3
-8.93222E-3
-8.61013E-3
-9.25430E-3
-9.25430E-3
-8.93222E-3
-9.25430E-3
-9.25430E-3
-9.25430E-3
-8.93222E-3
-9.89847E-3
-9.25430E-3
-9.57638E-3
-9.25430E-3
-9.25430E-3
-8.93222E-3
-9.57638E-3
-9.25430E-3
-9.57638E-3
-9.25430E-3
-8.93222E-3
-9.89847E-3
-8.61013E-3
-9.25430E-3
-1.27972E-2
-1.31193E-2
-8.61013E-3
-6.99972E-3
-7.64388E-3
-8.93222E-3
-9.57638E-3
-9.57638E-3
-8.61013E-3
-9.25430E-3
-9.25430E-3
-9.25430E-3
-9.25430E-3
-9.25430E-3
-9.25430E-3
-9.25430E-3
-8.28805E-3
-8.93222E-3
-8.28805E-3
-7.96597E-3
-8.28805E-3
-8.61013E-3
-7.96597E-3
-8.93222E-3
-9.57638E-3
-9.89847E-3
-9.89847E-3
-9.25430E-3
-8.28805E-3
-9.25430E-3
-8.93222E-3
-8.93222E-3
-8.93222E-3
-8.61013E-3
-7.96597E-3
-8.61013E-3
-8.93222E-3
-8.61013E-3
-8.61013E-3
-8.93222E-3
-8.61013E-3
-8.61013E-3
-8.61013E-3
-9.25430E-3
-8.28805E-3
-8.28805E-3
-7.64388E-3
-8.93222E-3
-8.61013E-3
-6.99972E-3
-4.74513E-3
-6.67763E-3
-9.25430E-3
-1.02205E-2
-9.89847E-3
-8.28805E-3
-7.96597E-3
-7.64388E-3
-8.93222E-3
-7.96597E-3
-8.61013E-3
-8.28805E-3
-8.61013E-3
-8.28805E-3
-8.28805E-3
-7.96597E-3
-8.28805E-3
-8.28805E-3
-8.61013E-3
-7.96597E-3
-8.61013E-3
-8.28805E-3
-7.96597E-3
-7.32180E-3
-7.96597E-3
-8.61013E-3
-7.96597E-3
-8.61013E-3
-7.64388E-3
-7.96597E-3
-7.96597E-3
-7.64388E-3
-8.28805E-3
-7.64388E-3
-8.61013E-3
-7.96597E-3
-8.28805E-3
-7.64388E-3
-7.64388E-3
-8.93222E-3
-7.96597E-3
-8.28805E-3
-7.96597E-3
-7.96597E-3
-7.96597E-3
-7.64388E-3
-7.32180E-3
-8.61013E-3
-7.96597E-3
-8.61013E-3
-1.15089E-2
-1.18310E-2
-6.67763E-3
-6.03347E-3
-6.35555E-3
-6.99972E-3
-8.61013E-3
-8.28805E-3
-6.99972E-3
-7.32180E-3
-7.64388E-3
-7.64388E-3
-7.64388E-3
-6.67763E-3
-7.32180E-3
-7.96597E-3
-6.99972E-3
-7.64388E-3
-7.32180E-3
-7.64388E-3
-6.99972E-3
-6.35555E-3
-7.32180E-3
-8.28805E-3
-6.99972E-3
-7.96597E-3
-6.99972E-3
-7.64388E-3
-7.64388E-3
-7.96597E-3
-7.64388E-3
-7.64388E-3
-7.32180E-3
-7.64388E-3
-7.96597E-3
-7.32180E-3
-7.96597E-3
-7.32180E-3
-7.64388E-3
-6.99972E-3
-7.32180E-3
-7.64388E-3
-7.32180E-3
-8.28805E-3
-7.32180E-3
-7.64388E-3
-7.64388E-3
-7.32180E-3
-7.32180E-3
-5.71138E-3
-2.49055E-3
-6.67763E-3
-8.28805E-3
-9.57638E-3
-9.25430E-3
-8.28805E-3
-7.96597E-3
-8.61013E-3
-7.64388E-3
-7.32180E-3
-7.96597E-3
-7.64388E-3
-7.96597E-3
-7.32180E-3
-7.96597E-3
-7.96597E-3
-8.28805E-3
-8.28805E-3
-7.64388E-3
-7.96597E-3
-7.96597E-3
-7.96597E-3
-7.32180E-3
-7.96597E-3
-7.64388E-3
-7.64388E-3
-7.64388E-3
-7.32180E-3
-8.28805E-3
-7.64388E-3
-7.96597E-3
-7.32180E-3
-7.32180E-3
-7.64388E-3
-7.64388E-3
-7.64388E-3
-7.64388E-3
-8.28805E-3
-6.99972E-3
-7.96597E-3
-7.32180E-3
-7.32180E-3
-6.99972E-3
-8.28805E-3
-7.96597E-3
-7.96597E-3
-7.64388E-3
-7.64388E-3
-7.96597E-3
-8.28805E-3
-1.15089E-2
-1.05426E-2
-7.96597E-3
-5.06722E-3
-5.38930E-3
-6.99972E-3
-8.28805E-3
-7.96597E-3
-7.64388E-3
-7.96597E-3
-7.64388E-3
-8.61013E-3
-7.96597E-3
-7.96597E-3
-7.96597E-3
-7.96597E-3
-7.64388E-3
-7.64388E-3
-6.35555E-3
-7.64388E-3
-7.32180E-3
-7.96597E-3
-7.64388E-3
-8.28805E-3
-7.64388E-3
-7.64388E-3
-7.32180E-3
-7.64388E-3
-7.32180E-3
-7.32180E-3
-6.99972E-3
-7.32180E-3
-6.99972E-3
-7.32180E-3
-7.64388E-3
-7.32180E-3
-7.96597E-3
-8.28805E-3
-7.64388E-3
-7.96597E-3
-7.96597E-3
-8.28805E-3
-7.96597E-3
-7.64388E-3
-7.64388E-3
-7.96597E-3
-7.64388E-3
-7.32180E-3
