6.83444E+9
4.61470E+8
-3.80788E-1
0.00000E+0
0.00000E+0
0.00000E+0
5.00000E-7
-1.11868E-2
-7.96597E-3
-7.64388E-3
-8.28805E-3
-7.96597E-3
-8.28805E-3
-8.28805E-3
-7.64388E-3
-8.28805E-3
-7.96597E-3
-7.96597E-3
-7.64388E-3
-8.28805E-3
-8.61013E-3
-8.28805E-3
-8.61013E-3
-8.28805E-3
-8.61013E-3
-8.28805E-3
-8.61013E-3
-9.57638E-3
-8.61013E-3
-8.28805E-3
-8.28805E-3
-9.25430E-3
-8.61013E-3
-7.96597E-3
-8.61013E-3
-8.61013E-3
-8.28805E-3
-8.28805E-3
-7.96597E-3
-5.38930E-3
-3.77888E-3
-8.61013E-3
-1.85947E-2
-2.98676E-2
-3.82418E-2
-4.24289E-2
-4.37172E-2
-4.50055E-2
-4.62939E-2
-4.88705E-2
-4.88705E-2
-5.08030E-2
-5.08030E-2
-5.11251E-2
-5.17693E-2
-5.20914E-2
-5.27355E-2
-5.30576E-2
-5.37018E-2
-5.24135E-2
-5.40239E-2
-5.46680E-2
-5.40239E-2
-5.43460E-2
-5.40239E-2
-5.30576E-2
-5.40239E-2
-5.49901E-2
-5.46680E-2
-5.37018E-2
-5.43460E-2
-5.46680E-2
-5.43460E-2
-5.43460E-2
-5.43460E-2
-5.53122E-2
-5.46680E-2
-5.53122E-2
-5.49901E-2
-5.43460E-2
-5.49901E-2
-5.46680E-2
-5.40239E-2
-5.37018E-2
-5.40239E-2
-5.43460E-2
-5.43460E-2
-5.46680E-2
-5.43460E-2
-5.43460E-2
-5.40239E-2
-5.40239E-2
-5.43460E-2
-5.40239E-2
-5.40239E-2
-5.33797E-2
-5.40239E-2
-5.40239E-2
-5.37018E-2
-5.37018E-2
-5.37018E-2
-5.37018E-2
-5.33797E-2
-5.40239E-2
-5.33797E-2
-5.33797E-2
-5.37018E-2
-5.27355E-2
-5.30576E-2
-5.27355E-2
-5.27355E-2
-5.30576E-2
-5.30576E-2
-5.27355E-2
-5.27355E-2
-5.27355E-2
-5.20914E-2
-5.30576E-2
-5.30576E-2
-5.24135E-2
-5.27355E-2
-5.37018E-2
-5.27355E-2
-5.17693E-2
-5.27355E-2
-5.24135E-2
-5.17693E-2
-5.20914E-2
-5.30576E-2
-5.27355E-2
-5.30576E-2
-5.24135E-2
-5.20914E-2
-5.14472E-2
-5.17693E-2
-5.17693E-2
-5.17693E-2
-4.66160E-2
-5.17693E-2
-5.20914E-2
-4.66160E-2
-3.75976E-2
-2.69689E-2
-1.95610E-2
-1.60180E-2
-1.50518E-2
-1.37635E-2
-1.34414E-2
-1.11868E-2
-1.05426E-2
-1.02205E-2
-9.25430E-3
-8.61013E-3
-8.28805E-3
-7.64388E-3
-7.96597E-3
-7.96597E-3
-7.96597E-3
-7.96597E-3
-7.64388E-3
-8.61013E-3
-7.32180E-3
-7.96597E-3
-7.64388E-3
-7.32180E-3
-7.96597E-3
-7.32180E-3
-8.28805E-3
-7.32180E-3
-7.64388E-3
-7.96597E-3
-7.32180E-3
-7.64388E-3
-7.32180E-3
-7.32180E-3
-7.64388E-3
-7.64388E-3
-8.28805E-3
-7.32180E-3
-7.96597E-3
-2.63247E-2
-9.04193E-2
-1.61278E-1
-2.17964E-1
-2.58869E-1
-2.89145E-1
-3.12979E-1
-3.30693E-1
-3.44865E-1
-3.57748E-1
-3.66123E-1
-3.73208E-1
-3.77718E-1
-3.81583E-1
-3.85125E-1
-3.88024E-1
-3.89635E-1
-3.90279E-1
-3.90923E-1
-3.90923E-1
-3.92211E-1
-3.93822E-1
-3.95754E-1
-3.97043E-1
-3.98975E-1
-3.99941E-1
-4.00585E-1
-4.01874E-1
-4.01874E-1
-4.02196E-1
-4.01230E-1
-3.99941E-1
-3.98009E-1
-3.96076E-1
-3.96720E-1
-4.00263E-1
-4.00263E-1
-3.99941E-1
-3.99619E-1
-4.00908E-1
-4.02196E-1
-4.01874E-1
-4.00585E-1
-3.97687E-1
-3.97365E-1
-3.96398E-1
-3.97365E-1
-3.97687E-1
-3.97043E-1
-3.97687E-1
-3.97687E-1
-3.98331E-1
-3.98009E-1
-3.98009E-1
-3.99297E-1
-4.00263E-1
-4.01552E-1
-4.01874E-1
-4.01552E-1
-4.01230E-1
-4.02196E-1
-4.01552E-1
-3.99941E-1
-3.98331E-1
-3.97043E-1
-3.98331E-1
-3.99297E-1
-3.99941E-1
-4.00263E-1
-4.00585E-1
-4.00585E-1
-4.00908E-1
-4.01874E-1
-4.01552E-1
-3.99941E-1
-3.98975E-1
-3.97043E-1
-3.97043E-1
-3.97687E-1
-3.98009E-1
-3.98653E-1
-3.98009E-1
-3.98009E-1
-3.99297E-1
-4.00263E-1
-3.99619E-1
-3.99941E-1
-3.99297E-1
-3.98653E-1
-3.99941E-1
-4.00908E-1
-4.01552E-1
-4.01230E-1
-4.00908E-1
-4.00908E-1
-3.99619E-1
-3.98653E-1
-3.99619E-1
-4.00908E-1
-3.93178E-1
-3.35203E-1
-2.58225E-1
-1.85756E-1
-1.31324E-1
-9.65389E-2
-7.75359E-2
-6.56189E-2
-5.56343E-2
-4.59718E-2
-3.79197E-2
-3.05118E-2
-2.63247E-2
-2.34260E-2
-2.05272E-2
-1.92389E-2
-1.66622E-2
-1.50518E-2
-1.34414E-2
-1.34414E-2
-1.31193E-2
-1.24751E-2
-1.24751E-2
-1.27972E-2
-1.21530E-2
-1.24751E-2
-1.24751E-2
-1.27972E-2
-1.27972E-2
-1.18310E-2
-1.18310E-2
-1.15089E-2
-1.21530E-2
-1.11868E-2
-1.08647E-2
-1.02205E-2
-1.08647E-2
-1.11868E-2
-1.11868E-2
-1.08647E-2
-1.15089E-2
-1.18310E-2
-1.15089E-2
-1.11868E-2
-1.11868E-2
-1.11868E-2
-1.02205E-2
-1.08647E-2
-1.05426E-2
-1.08647E-2
-1.05426E-2
-1.08647E-2
-1.05426E-2
-1.08647E-2
-1.08647E-2
-1.05426E-2
-1.05426E-2
-1.02205E-2
-9.89847E-3
-9.25430E-3
-1.02205E-2
-1.02205E-2
-9.89847E-3
-9.89847E-3
-1.05426E-2
-1.02205E-2
-1.05426E-2
-1.05426E-2
-1.02205E-2
-9.89847E-3
-1.02205E-2
-9.89847E-3
-9.89847E-3
-9.57638E-3
-9.25430E-3
-8.93222E-3
-1.02205E-2
-9.57638E-3
-9.57638E-3
-9.89847E-3
-9.25430E-3
-9.25430E-3
-8.93222E-3
-8.61013E-3
-9.25430E-3
-8.93222E-3
-9.25430E-3
-9.25430E-3
-9.57638E-3
-9.89847E-3
-9.25430E-3
-9.89847E-3
-8.61013E-3
-8.93222E-3
-9.25430E-3
-9.89847E-3
-9.25430E-3
-8.28805E-3
-8.93222E-3
-9.89847E-3
-9.25430E-3
-9.25430E-3
-8.93222E-3
-9.25430E-3
-8.93222E-3
-9.25430E-3
-8.28805E-3
-8.28805E-3
-9.25430E-3
-8.61013E-3
-9.25430E-3
-8.61013E-3
-8.61013E-3
-8.93222E-3
-9.25430E-3
-8.93222E-3
-8.93222E-3
-8.93222E-3
-8.61013E-3
-8.28805E-3
-8.61013E-3
-8.61013E-3
-9.25430E-3
-8.93222E-3
-8.93222E-3
-9.25430E-3
-8.93222E-3
-9.57638E-3
-9.25430E-3
-9.89847E-3
-1.02205E-2
-9.25430E-3
-9.25430E-3
-8.28805E-3
-8.61013E-3
-8.93222E-3
-9.25430E-3
-8.61013E-3
-8.28805E-3
-8.28805E-3
-8.61013E-3
-9.25430E-3
-8.61013E-3
-8.61013E-3
-8.93222E-3
-8.93222E-3
-8.61013E-3
-8.28805E-3
-8.93222E-3
-8.61013E-3
-8.28805E-3
-9.25430E-3
-8.61013E-3
-8.93222E-3
-8.93222E-3
-8.61013E-3
-8.28805E-3
-9.25430E-3
-8.28805E-3
-8.93222E-3
-8.28805E-3
-9.25430E-3
-9.25430E-3
-8.61013E-3
-8.28805E-3
-7.96597E-3
-8.28805E-3
-8.61013E-3
-8.28805E-3
-8.61013E-3
-7.64388E-3
-8.28805E-3
-8.28805E-3
-8.28805E-3
-9.25430E-3
-9.25430E-3
-9.25430E-3
-8.93222E-3
-8.28805E-3
-9.25430E-3
-8.93222E-3
-8.61013E-3
-8.93222E-3
-9.25430E-3
-7.96597E-3
-8.61013E-3
-8.93222E-3
-8.61013E-3
-8.61013E-3
-8.28805E-3
-8.61013E-3
-8.61013E-3
-9.25430E-3
-8.61013E-3
-8.61013E-3
-9.25430E-3
-9.25430E-3
-9.57638E-3
-9.25430E-3
-8.93222E-3
-9.25430E-3
-8.61013E-3
-8.93222E-3
-9.25430E-3
-9.25430E-3
-8.93222E-3
-8.61013E-3
-8.93222E-3
-8.61013E-3
-8.93222E-3
-8.93222E-3
-9.25430E-3
-9.25430E-3
-9.57638E-3
-9.25430E-3
-9.25430E-3
-8.93222E-3
-8.28805E-3
-8.28805E-3
-8.93222E-3
-8.61013E-3
-8.93222E-3
-8.61013E-3
-8.28805E-3
-9.57638E-3
-9.25430E-3
-9.57638E-3
-8.93222E-3
-9.25430E-3
-9.25430E-3
-8.93222E-3
-8.61013E-3
-9.25430E-3
-8.93222E-3
-7.96597E-3
-8.93222E-3
-8.61013E-3
-8.61013E-3
-8.28805E-3
-8.28805E-3
-8.93222E-3
-7.64388E-3
-8.61013E-3
-8.93222E-3
-8.93222E-3
-8.61013E-3
-9.25430E-3
-8.28805E-3
-8.61013E-3
-7.96597E-3
-8.93222E-3
-8.61013E-3
-8.61013E-3
-8.28805E-3
-8.28805E-3
-8.61013E-3
-8.93222E-3
-7.96597E-3
-8.28805E-3
-8.28805E-3
-8.61013E-3
-8.61013E-3
-8.61013E-3
-7.96597E-3
-8.28805E-3
-8.61013E-3
-8.61013E-3
-8.61013E-3
-8.93222E-3
-8.61013E-3
-8.61013E-3
-8.28805E-3
-8.61013E-3
-8.61013E-3
-8.61013E-3
-7.96597E-3
-7.96597E-3
-7.96597E-3
-7.96597E-3
-8.28805E-3
-8.61013E-3
-8.61013E-3
-8.61013E-3
-8.93222E-3
-8.93222E-3
-9.25430E-3
-8.93222E-3
-9.25430E-3
-8.28805E-3
-8.28805E-3
-8.28805E-3
-8.28805E-3
-7.96597E-3
-7.96597E-3
-7.32180E-3
-8.28805E-3
-8.28805E-3
-7.96597E-3
-8.61013E-3
-8.61013E-3
-9.25430E-3
-8.93222E-3
-8.61013E-3
-8.93222E-3
-7.96597E-3
-8.28805E-3
-8.28805E-3
-8.61013E-3
-7.96597E-3
-7.64388E-3
-7.96597E-3
-7.96597E-3
-8.61013E-3
-8.61013E-3
-9.25430E-3
-9.25430E-3
-8.61013E-3
-8.93222E-3
-8.93222E-3
-8.61013E-3
-7.96597E-3
-8.61013E-3
-8.61013E-3
-7.32180E-3
-7.96597E-3
-7.64388E-3
-7.96597E-3
-8.28805E-3
-8.28805E-3
-8.28805E-3
-8.28805E-3
-8.28805E-3
-8.28805E-3
-7.96597E-3
-8.93222E-3
-8.93222E-3
-7.64388E-3
-8.28805E-3
