6.83522E+9
4.62250E+8
-3.77576E-1
0.00000E+0
0.00000E+0
0.00000E+0
5.00000E-7
-1.08647E-2
-7.96597E-3
-8.28805E-3
-8.61013E-3
-7.64388E-3
-8.61013E-3
-7.64388E-3
-7.64388E-3
-8.28805E-3
-8.61013E-3
-7.64388E-3
-7.64388E-3
-7.32180E-3
-1.84638E-3
-6.67763E-3
-9.57638E-3
-7.32180E-3
-7.64388E-3
-8.28805E-3
-7.32180E-3
-8.28805E-3
-7.96597E-3
-8.28805E-3
-7.96597E-3
-8.28805E-3
-6.99972E-3
-7.32180E-3
-7.32180E-3
-7.64388E-3
-7.64388E-3
-7.32180E-3
-6.67763E-3
-4.42305E-3
-4.42305E-3
-6.67763E-3
-1.40855E-2
-2.14935E-2
-2.79351E-2
-3.08339E-2
-3.24443E-2
-3.34105E-2
-3.40547E-2
-3.53430E-2
-3.72755E-2
-3.75976E-2
-3.79197E-2
-3.82418E-2
-3.88860E-2
-4.01743E-2
-4.01743E-2
-3.92080E-2
-4.08185E-2
-4.08185E-2
-4.04964E-2
-4.04964E-2
-4.01743E-2
-4.01743E-2
-4.04964E-2
-4.04964E-2
-4.04964E-2
-4.11405E-2
-4.17847E-2
-4.14626E-2
-4.88705E-2
-4.46835E-2
-3.88860E-2
-4.04964E-2
-4.17847E-2
-4.11405E-2
-4.11405E-2
-4.08185E-2
-4.04964E-2
-4.11405E-2
-4.14626E-2
-4.11405E-2
-4.08185E-2
-4.11405E-2
-4.11405E-2
-4.14626E-2
-4.08185E-2
-4.17847E-2
-4.04964E-2
-4.04964E-2
-4.01743E-2
-4.08185E-2
-4.08185E-2
-4.11405E-2
-4.11405E-2
-4.17847E-2
-4.14626E-2
-4.11405E-2
-4.11405E-2
-4.08185E-2
-4.14626E-2
-4.14626E-2
-4.08185E-2
-4.08185E-2
-4.04964E-2
-4.04964E-2
-4.08185E-2
-4.08185E-2
-4.08185E-2
-4.04964E-2
-4.01743E-2
-4.04964E-2
-4.04964E-2
-4.11405E-2
-4.01743E-2
-4.04964E-2
-4.01743E-2
-4.01743E-2
-4.01743E-2
-3.98522E-2
-3.46989E-2
-3.95301E-2
-4.21068E-2
-4.01743E-2
-4.08185E-2
-4.11405E-2
-4.04964E-2
-4.01743E-2
-4.01743E-2
-4.04964E-2
-4.04964E-2
-4.11405E-2
-4.01743E-2
-4.01743E-2
-4.08185E-2
-4.01743E-2
-3.98522E-2
-3.63093E-2
-4.01743E-2
-4.01743E-2
-3.69535E-2
-2.92235E-2
-2.21376E-2
-1.69843E-2
-1.37635E-2
-1.34414E-2
-1.18310E-2
-1.24751E-2
-1.08647E-2
-9.25430E-3
-8.61013E-3
-7.96597E-3
-7.64388E-3
-7.32180E-3
-6.99972E-3
-7.32180E-3
-7.32180E-3
-7.32180E-3
-6.67763E-3
-7.32180E-3
-6.67763E-3
-6.35555E-3
-6.99972E-3
-7.32180E-3
-6.03347E-3
-6.67763E-3
-6.35555E-3
-6.67763E-3
-6.67763E-3
-6.03347E-3
-1.21530E-2
-9.25430E-3
-3.45680E-3
-4.74513E-3
-5.71138E-3
-6.99972E-3
-6.35555E-3
-5.71138E-3
-6.35555E-3
-7.32180E-3
-2.43922E-2
-8.59101E-2
-1.56446E-1
-2.12489E-1
-2.55004E-1
-2.85602E-1
-3.08470E-1
-3.27795E-1
-3.40356E-1
-3.51951E-1
-3.61613E-1
-3.71276E-1
-3.78040E-1
-3.82227E-1
-3.85125E-1
-3.86092E-1
-3.88668E-1
-3.90601E-1
-3.92211E-1
-3.93178E-1
-3.93178E-1
-3.94144E-1
-3.94788E-1
-3.94788E-1
-3.95110E-1
-3.95754E-1
-3.96398E-1
-3.98009E-1
-3.97365E-1
-3.98009E-1
-3.98653E-1
-3.98331E-1
-3.97687E-1
-3.98653E-1
-3.98653E-1
-3.98009E-1
-3.97687E-1
-3.98331E-1
-3.97687E-1
-3.97365E-1
-3.89313E-1
-3.96398E-1
-3.96720E-1
-3.92533E-1
-3.93178E-1
-3.92211E-1
-3.93822E-1
-3.95432E-1
-3.95754E-1
-3.96076E-1
-3.97043E-1
-3.97043E-1
-3.95432E-1
-3.95110E-1
-3.94788E-1
-3.95110E-1
-3.95432E-1
-3.95110E-1
-3.95432E-1
-3.94788E-1
-3.93822E-1
-3.94466E-1
-3.93822E-1
-3.92855E-1
-3.91889E-1
-3.91567E-1
-3.92533E-1
-3.94144E-1
-3.93822E-1
-3.93822E-1
-3.95754E-1
-3.96398E-1
-3.97365E-1
-3.96076E-1
-3.96076E-1
-3.97043E-1
-3.96398E-1
-3.99297E-1
-3.98331E-1
-3.96720E-1
-3.96398E-1
-3.96398E-1
-3.98331E-1
-3.97365E-1
-3.97043E-1
-3.95432E-1
-3.95110E-1
-3.95110E-1
-3.93178E-1
-3.92533E-1
-4.02196E-1
-3.97365E-1
-3.92855E-1
-3.95754E-1
-3.94466E-1
-3.94466E-1
-3.92211E-1
-3.91567E-1
-3.93178E-1
-3.86736E-1
-3.31015E-1
-2.53715E-1
-1.82857E-1
-1.29069E-1
-9.39622E-2
-7.52814E-2
-6.43305E-2
-5.53122E-2
-4.50055E-2
-3.63093E-2
-3.01897E-2
-2.60026E-2
-2.37480E-2
-2.14935E-2
-1.79505E-2
-1.60180E-2
-1.50518E-2
-1.40855E-2
-1.34414E-2
-1.27972E-2
-1.27972E-2
-1.24751E-2
-1.24751E-2
-1.15089E-2
-1.18310E-2
-1.18310E-2
-1.05426E-2
-1.15089E-2
-1.11868E-2
-1.18310E-2
-1.08647E-2
-1.11868E-2
-1.08647E-2
-1.11868E-2
-1.11868E-2
-1.05426E-2
-9.89847E-3
-1.05426E-2
-1.08647E-2
-1.02205E-2
-5.06722E-3
-8.61013E-3
-1.15089E-2
-1.18310E-2
-1.11868E-2
-1.05426E-2
-1.08647E-2
-9.57638E-3
-9.89847E-3
-9.89847E-3
-9.57638E-3
-9.89847E-3
-9.57638E-3
-9.89847E-3
-9.89847E-3
-9.57638E-3
-9.25430E-3
-9.57638E-3
-8.93222E-3
-9.25430E-3
-9.57638E-3
-9.57638E-3
-8.61013E-3
-9.25430E-3
-8.61013E-3
-9.57638E-3
-9.25430E-3
-8.93222E-3
-8.61013E-3
-8.93222E-3
-8.61013E-3
-8.61013E-3
-9.25430E-3
-8.93222E-3
-8.61013E-3
-8.28805E-3
-8.61013E-3
-9.25430E-3
-9.25430E-3
-9.25430E-3
-8.61013E-3
-8.61013E-3
-8.28805E-3
-8.61013E-3
-8.61013E-3
-8.61013E-3
-8.28805E-3
-9.57638E-3
-9.25430E-3
-8.28805E-3
-1.47297E-2
-1.11868E-2
-5.38930E-3
-7.32180E-3
-7.96597E-3
-8.28805E-3
-8.93222E-3
-8.28805E-3
-8.28805E-3
-7.64388E-3
-8.61013E-3
-8.93222E-3
-8.93222E-3
-8.93222E-3
-8.28805E-3
-9.25430E-3
-8.28805E-3
-9.25430E-3
-8.61013E-3
-9.57638E-3
-8.93222E-3
-8.28805E-3
-8.61013E-3
-8.28805E-3
-7.96597E-3
-8.28805E-3
-7.96597E-3
-8.61013E-3
-8.61013E-3
-8.28805E-3
-8.61013E-3
-7.96597E-3
-8.28805E-3
-8.61013E-3
-7.96597E-3
-7.96597E-3
-7.96597E-3
-7.64388E-3
-7.32180E-3
-7.96597E-3
-8.28805E-3
-7.96597E-3
-8.28805E-3
-7.64388E-3
-7.96597E-3
-8.28805E-3
-7.96597E-3
-8.28805E-3
-8.28805E-3
-8.61013E-3
-4.10097E-3
-7.32180E-3
-1.02205E-2
-8.61013E-3
-8.93222E-3
-9.25430E-3
-8.61013E-3
-8.28805E-3
-8.28805E-3
-8.28805E-3
-9.25430E-3
-8.28805E-3
-8.61013E-3
-8.61013E-3
-8.93222E-3
-7.96597E-3
-8.61013E-3
-8.28805E-3
-8.61013E-3
-8.61013E-3
-8.61013E-3
-8.61013E-3
-8.28805E-3
-8.61013E-3
-8.28805E-3
-7.64388E-3
-7.64388E-3
-7.96597E-3
-7.96597E-3
-7.64388E-3
-7.96597E-3
-8.28805E-3
-7.96597E-3
-7.96597E-3
-8.28805E-3
-7.96597E-3
-8.28805E-3
-8.28805E-3
-8.28805E-3
-8.61013E-3
-7.96597E-3
-7.96597E-3
-8.28805E-3
-8.28805E-3
-6.99972E-3
-7.32180E-3
-7.64388E-3
-7.96597E-3
-7.64388E-3
-7.96597E-3
-1.47297E-2
-1.05426E-2
-4.42305E-3
-6.35555E-3
-7.32180E-3
-7.32180E-3
-6.99972E-3
-7.32180E-3
-6.99972E-3
-7.64388E-3
-7.64388E-3
-7.96597E-3
-7.96597E-3
-8.28805E-3
-7.96597E-3
-8.28805E-3
-7.64388E-3
-8.28805E-3
-8.61013E-3
-7.64388E-3
-7.96597E-3
-7.32180E-3
-6.99972E-3
-8.28805E-3
-6.99972E-3
-7.64388E-3
-6.99972E-3
-7.32180E-3
-7.32180E-3
-6.99972E-3
-6.99972E-3
-7.96597E-3
-7.96597E-3
-7.96597E-3
-7.96597E-3
-7.64388E-3
-7.96597E-3
-8.61013E-3
-7.96597E-3
-7.64388E-3
-8.28805E-3
-8.28805E-3
-7.64388E-3
-7.64388E-3
-7.64388E-3
-7.64388E-3
-7.96597E-3
-7.96597E-3
-8.28805E-3
-7.96597E-3
-4.10097E-3
-7.64388E-3
-1.11868E-2
-8.61013E-3
-9.57638E-3
-8.93222E-3
-9.25430E-3
-8.28805E-3
-9.25430E-3
-8.93222E-3
-8.61013E-3
-9.25430E-3
-7.96597E-3
-8.61013E-3
-8.93222E-3
-7.64388E-3
-8.61013E-3
-8.61013E-3
-9.25430E-3
-8.61013E-3
-8.61013E-3
-8.93222E-3
-8.61013E-3
-7.96597E-3
-8.93222E-3
-7.96597E-3
-8.28805E-3
-8.28805E-3
-7.96597E-3
-8.28805E-3
-7.96597E-3
-8.61013E-3
-8.61013E-3
-8.28805E-3
-8.28805E-3
-7.96597E-3
-7.96597E-3
-7.96597E-3
-7.64388E-3
-8.28805E-3
-7.96597E-3
-7.64388E-3
-7.32180E-3
-7.96597E-3
-8.28805E-3
-8.28805E-3
-8.28805E-3
-7.96597E-3
-8.61013E-3
-8.28805E-3
-1.50518E-2
-1.11868E-2
-5.06722E-3
-6.99972E-3
-7.64388E-3
-8.61013E-3
-7.96597E-3
-7.32180E-3
-7.32180E-3
-7.64388E-3
-7.96597E-3
-7.96597E-3
-7.64388E-3
-7.96597E-3
-7.32180E-3
-7.64388E-3
-7.64388E-3
-7.96597E-3
-8.61013E-3
-7.96597E-3
-8.61013E-3
-7.64388E-3
-7.64388E-3
-7.96597E-3
-7.64388E-3
-7.96597E-3
-7.64388E-3
-7.96597E-3
-7.96597E-3
-8.61013E-3
-8.28805E-3
-8.28805E-3
-8.28805E-3
-8.28805E-3
-8.93222E-3
-8.61013E-3
-8.93222E-3
-9.25430E-3
-9.25430E-3
-9.25430E-3
-8.93222E-3
-9.57638E-3
-9.25430E-3
-9.25430E-3
-9.25430E-3
-9.25430E-3
-9.25430E-3
